0,1,2,3,4,5,6,7,8,9,10,11,12,13,14,15,16,17,18,19,20,21,22,23,24,25,26,27,28,29,30,31,32,33,34
-0.012375116,-0.0041665696,-0.0021089315,-0.015596202,-0.018360198,-0.017269626,0.02354455,-0.0033953395,-0.032167733,-0.009725497,0.053869367,0.02389839,-0.064322114,0.01666952,0.07367158,-0.010320709,-0.085865736,-0.013748636,0.06258094,-0.011150189,-0.077082396,-0.003202213,0.043043077,0.0021898877,-0.043043137,-0.0021898858,0.06404108,0.0053949654,-0.074428976,3.928691e-05,0.06599617,0.0070562903,-0.07927698,-0.00035522133,1
-0.011081755,-0.008284725,-0.0010492206,-0.019431423,-0.016091466,-0.021523371,0.023736537,-0.007700635,-0.02838707,-0.015135191,0.052122295,0.019687288,-0.059342504,0.010403238,0.0713827,-0.012483326,-0.08182716,-0.021318018,0.063519776,-0.009557814,-0.07565498,-0.010561196,0.040596068,0.0026674177,-0.040596068,-0.0026674196,0.059164762,0.0034769196,-0.07335812,-0.0026068538,0.06140864,0.0067818314,-0.07990271,-0.0013490655,1
-0.009490192,-0.0062441593,-0.0006712675,-0.015169155,-0.012533486,-0.017577983,0.022487044,-0.004603481,-0.020462155,-0.012733055,0.048110664,0.019183602,-0.047960162,0.007197216,0.060908556,-1.3777986e-05,-0.073800445,-0.017065525,0.049625874,0.0016851481,-0.08155215,-0.0076339887,0.035440385,0.0034395736,-0.035440326,-0.0034395754,0.049634933,0.003796408,-0.07085967,-0.0034785718,0.052409172,0.012587573,-0.0830704,0.0024382956,1
-0.0108578205,0.0025454592,0.0011248589,-0.0075821914,-0.012653768,-0.011381857,0.031766176,-0.0013688821,-0.01528132,-0.011552877,0.056986094,0.017017197,-0.035194457,0.0005252063,0.06623548,0.006645929,-0.063536346,-0.024070958,0.048510194,0.01669541,-0.095724046,-0.005036697,0.033709526,0.0052299853,-0.033709586,-0.0052299835,0.055209756,0.0061040595,-0.05687046,-0.004706489,0.04195118,0.01281568,-0.085808456,-0.002904268,1
0.0013366938,0.021882486,0.009361565,0.005768776,-0.013491929,0.0061914586,0.02727139,0.0048079323,-0.042674363,0.00883881,0.057364643,0.005080078,-0.058446586,0.0028159376,0.05494857,0.0010224301,-0.078407824,-0.013570872,0.0186522,0.035512995,-0.10955763,-0.0073720273,0.039087057,0.0046678577,-0.039086998,-0.0046678595,0.047830105,0.015003473,-0.07315302,-0.015033278,0.026482582,0.030566804,-0.09739876,-0.01162119,1
-0.008410275,0.021972854,0.001660347,0.006572919,-0.024633408,0.006301455,0.021499157,0.007855888,-0.060023785,0.009657435,0.05556035,0.0044607054,-0.08140087,0.001071481,0.053533435,0.009100882,-0.10260773,-0.007252414,0.013432205,0.06584546,-0.1133737,0.0047746804,0.04700601,0.0045162886,-0.04700607,-0.0045162905,0.043586373,0.010581316,-0.090317726,-0.018401887,0.02004075,0.06111168,-0.10521805,0.013538383,1
-0.015985131,0.011555467,-0.0050200224,-0.0030072182,-0.03007859,-0.004091505,0.021783471,-0.0031035393,-0.056776345,-0.002698442,0.06725389,-0.007050181,-0.07843745,-0.00806472,0.084590614,0.0020615049,-0.087676644,-0.015060322,0.03705561,0.09269449,-0.10208064,-0.012009887,0.049022317,0.0050654914,-0.049022377,-0.0050654933,0.06914997,0.02408136,-0.07084572,-0.010663816,0.03474933,0.05523821,-0.080881715,0.003410859,1
-0.04931119,-0.026743546,-0.029097617,-0.041772477,-0.061035097,-0.043353982,0.012226045,-0.03250757,-0.0815922,-0.039944742,0.05778241,-0.013848748,-0.10783023,-0.042289846,0.08069831,0.060381114,-0.14041546,-0.0620313,0.030305862,0.14542295,-0.19481573,-0.05672375,0.05266857,0.0064364597,-0.05266857,-0.006436456,0.02275747,0.11585249,-0.07214436,0.10335328,0.025640488,0.10066724,0.00040602684,0.10725014,1
-0.07783747,-0.04691988,-0.059206724,-0.068202235,-0.09371036,-0.065432414,-0.015220284,-0.0710218,-0.115680635,-0.06816881,0.045800924,-0.041243866,-0.12936616,-0.07362163,0.07909018,0.05307041,-0.16297615,-0.091863245,0.01440376,0.15671867,-0.19638178,-0.032776255,0.055261612,0.008105107,-0.055261612,-0.008105114,0.0026257038,0.0968609,-0.090875,0.08067919,0.0038167238,0.12518527,-0.024325788,0.12326357,1
-0.046072543,0.021963447,-0.025817186,0.002675362,-0.05857542,-0.0014816076,0.012410343,-0.029286109,-0.07662761,-0.042579457,0.056990266,-0.011157677,-0.09283239,-0.06808314,0.10731435,0.13141273,-0.12902996,-0.03808169,0.0452013,0.19482902,-0.14476329,0.041862786,0.045167923,0.012481615,-0.045167953,-0.012481622,0.013795972,0.1377106,-0.065799415,0.11487369,0.033729076,0.12907766,0.0038970113,0.13076866,1
-0.09742272,0.091347754,-0.07823312,0.072598904,-0.11137861,0.06543325,-0.036274493,0.043665603,-0.124843866,0.025894336,0.0049650073,0.044650793,-0.11367819,-0.025636084,0.020608604,0.14850974,-0.14966553,-0.026626695,-0.015566468,0.17891909,-0.16641024,0.0835183,0.03781438,0.016646087,-0.03781444,-0.01664608,0.0097283125,0.18608642,-0.07021144,0.13609329,0.010175467,0.19303495,-0.06279069,0.1590958,1
-0.047466516,0.19670072,-0.03553781,0.17025492,-0.06365839,0.17450118,0.01262033,0.10384755,-0.07237348,0.11565001,0.05717957,0.088928536,-0.056600958,0.018018551,0.055702806,0.20700079,-0.121206075,0.0003760308,-0.008579254,0.27464095,-0.1467207,0.10433455,0.03600037,0.019198976,-0.03600043,-0.019198969,0.029750943,0.18385011,-0.037433,0.13306469,0.027912617,0.24045166,-0.057015598,0.19395211,1
-0.08595267,0.15364102,-0.07293987,0.13511902,-0.10052404,0.13310799,-0.034086317,0.09275473,-0.11381683,0.09103412,0.015944004,0.08344086,-0.09998566,0.026753224,0.034145594,0.23078617,-0.13425526,0.073865496,-0.019264549,0.31428304,-0.14623484,0.1328361,0.03622955,0.015957668,-0.03622952,-0.015957668,0.007197261,0.18733585,-0.053487867,0.13546404,-0.0006289482,0.2301239,-0.038022846,0.17788199,1
-0.10248181,0.1701273,-0.094649434,0.15829816,-0.11500755,0.15308616,-0.06729847,0.115945175,-0.13286746,0.107300505,-0.010165274,0.09256175,-0.12170115,0.03422442,0.026291668,0.23988873,-0.15020692,0.09201777,-0.0432131,0.3195933,-0.14850777,0.15806723,0.036720276,0.016656056,-0.036720216,-0.016656041,-0.006636381,0.2162813,-0.083363086,0.1616559,-0.024770081,0.30624622,-0.0768224,0.24737886,1
-0.10833439,0.17617917,-0.10743111,0.16613612,-0.120195895,0.16303656,-0.089206874,0.12181163,-0.1392867,0.11960149,-0.033634424,0.09805846,-0.122305036,0.0480047,-0.0055211782,0.24874818,-0.14663547,0.121385664,-0.060510725,0.3245136,-0.14786008,0.17047775,0.029675663,0.014661714,-0.029675663,-0.014661729,-0.018622935,0.20988679,-0.078709155,0.15772787,-0.03295234,0.29270205,-0.08326125,0.2252984,1
-0.12981257,0.17839032,-0.12668085,0.16952932,-0.1402584,0.1611779,-0.10978776,0.13247648,-0.16236508,0.11783552,-0.051558435,0.12098834,-0.14634264,0.044432938,-0.02645564,0.29408947,-0.1701225,0.11062017,-0.08663076,0.32728055,-0.16412207,0.18172261,0.034011602,0.018269956,-0.034011662,-0.018269941,0.006424427,0.16675308,-0.097355366,0.115285665,0.03239876,0.20200491,-0.09713608,0.1487158,1
-0.10885021,0.13064781,-0.111047715,0.12330863,-0.11775747,0.12189269,-0.102466315,0.09531686,-0.13674814,0.0945251,-0.055177093,0.09244126,-0.12620848,0.038353562,-0.025696814,0.22152889,-0.15485096,0.06343639,-0.081563115,0.27921,-0.14293748,0.13368839,0.024094164,0.00906533,-0.024094164,-0.00906533,0.028728306,0.07420269,-0.03400618,0.062170863,0.05235684,-0.0022645593,-0.025405288,-0.01132369,1
-0.1344474,0.18031725,-0.13960117,0.170713,-0.14291632,0.17352629,-0.12920785,0.13789985,-0.1544328,0.14502776,-0.07622737,0.13163331,-0.12363386,0.06799775,-0.039440155,0.26864946,-0.14202917,0.06995344,-0.09395087,0.31577206,-0.137956,0.1419687,0.016702652,0.011584222,-0.016702652,-0.011584207,-0.00507921,0.06370357,-0.05035904,0.049658477,0.036978185,0.018159837,-0.043581605,0.00979659,1
-0.13227719,0.21579912,-0.14166647,0.21005535,-0.13854688,0.21213642,-0.1412096,0.17543867,-0.1456756,0.18328276,-0.08807358,0.16503462,-0.11300814,0.101011544,-0.04908663,0.3041954,-0.13004464,0.10728487,-0.08408007,0.38520777,-0.13245612,0.19381377,0.005638957,0.011680007,-0.005638927,-0.011679992,-0.009719223,0.007778913,-0.012088478,-0.0104146,0.030026436,-0.1147411,0.004142761,-0.13204429,1
-0.14047092,0.2623853,-0.14019728,0.25112402,-0.15562534,0.2518918,-0.12707439,0.20664242,-0.17742905,0.2092036,-0.086384594,0.17031562,-0.12470779,0.109097004,-0.052976668,0.25115252,-0.08950472,0.0737277,-0.0685575,0.3673122,-0.038939387,0.15834436,0.012121201,0.010412097,-0.01212126,-0.010412127,-0.022052348,0.032317847,-0.024989933,0.018680513,0.0015927553,-0.10680105,-0.0071741045,-0.121577784,1
-0.13339692,0.2870989,-0.13911405,0.27850327,-0.14591527,0.2811987,-0.13296458,0.23430374,-0.16455582,0.24241462,-0.0884864,0.20507857,-0.113962054,0.1272007,-0.05155748,0.3066106,-0.08130571,0.048637867,-0.07182926,0.3913063,-0.03003198,0.05806437,0.0073697567,0.013925165,-0.0073698163,-0.013925165,-0.014167428,0.011155814,-0.015373021,-0.0108525455,0.021663189,-0.13802443,0.00037622452,-0.16121563,1
-0.17932707,0.18277067,-0.19590852,0.17250866,-0.18736243,0.18999535,-0.21264523,0.13473308,-0.19286135,0.181265,-0.16899985,0.04863602,-0.13848168,0.17039967,-0.07109845,-0.075808555,-0.08340213,0.21558434,-0.022455871,-0.1639875,-0.102873296,0.24516225,-0.013490081,-0.028035343,0.01349014,0.028035372,-0.039776504,-0.10294357,-0.014015257,-0.05777526,0.022416234,-0.20461942,0.04015869,-0.19473903,1
-0.19535196,0.1428904,-0.19912821,0.13886547,-0.20553702,0.15094584,-0.1906287,0.13759571,-0.20772904,0.17094874,-0.14432403,0.064813614,-0.1395858,0.17037451,-0.049284875,-0.09558806,-0.06658524,0.19059104,0.01151067,-0.22377521,-0.0612168,0.20547491,-0.0020124912,-0.022393763,0.0020125508,0.022393733,-0.03388989,-0.14555493,-0.03780663,-0.11699578,-0.008900166,-0.25777134,0.016051054,-0.24851902,1
-0.17768082,0.10095164,-0.17413813,0.09790668,-0.19083366,0.10967395,-0.15436605,0.11043033,-0.19487166,0.14214423,-0.12152621,0.034983248,-0.12546456,0.1479254,-0.037436843,-0.19835532,-0.04009813,0.12875977,0.045843303,-0.35053128,-0.01306504,0.09816381,0.0019158721,-0.023474783,-0.0019158721,0.023474783,-0.023596764,-0.14888239,-0.02659738,-0.12366882,-0.00028970838,-0.25570184,0.036328793,-0.260803,1
-0.14962783,0.096826315,-0.14834303,0.100506544,-0.15287688,0.113475025,-0.12510422,0.12803054,-0.14445013,0.16234016,-0.0892255,0.04641193,-0.09749454,0.18362302,-0.0062948763,-0.21291599,-0.029305637,0.19316572,0.069114804,-0.35980958,0.012436777,0.15369111,0.0034731925,-0.027335793,-0.0034732223,0.027335823,-0.0070742965,-0.20199072,-0.01528424,-0.16032737,-0.009761751,-0.2769766,0.03967321,-0.2607504,1
-0.14701909,0.17181239,-0.14822346,0.1681886,-0.15661356,0.178278,-0.14000496,0.16850808,-0.16375595,0.19649759,-0.11112499,0.089473814,-0.113060474,0.19123545,-0.021547616,-0.109233856,-0.032943785,0.18353602,0.060899973,-0.26746458,0.028820395,0.16545042,4.87864e-05,-0.023003012,-4.87864e-05,0.023003012,-0.015300602,-0.15415013,-0.024716288,-0.11820051,0.011806011,-0.27366936,0.023438096,-0.25233543,1
-0.15423352,0.17710322,-0.1574941,0.1737932,-0.16550404,0.18748587,-0.14826158,0.17406672,-0.17036322,0.21082354,-0.11030805,0.096927285,-0.1103158,0.18963265,-0.014050454,-0.12683892,-0.04663694,0.13424373,0.045627534,-0.30769598,0.005047053,0.09987253,-0.00025895238,-0.019724518,0.00025895238,0.019724548,-0.023304284,-0.15391359,-0.02860266,-0.12259123,0.012920916,-0.28723115,0.016619742,-0.27519143,1
-0.15155604,0.15583384,-0.15925843,0.1564104,-0.16133091,0.17028189,-0.15744963,0.16138959,-0.1628358,0.1988182,-0.11950502,0.09561306,-0.10185352,0.16864288,-0.03586614,-0.102627665,-0.06995809,0.08858991,0.01350975,-0.28307885,-0.057643235,-0.002252102,-0.006011516,-0.015288353,0.006011516,0.015288353,-0.030404985,-0.150857,-0.022164226,-0.12868968,0.00651595,-0.27660984,0.009682834,-0.27871835,1
-0.13390267,0.18853337,-0.14262888,0.18990487,-0.14060882,0.19863391,-0.1453276,0.18305022,-0.14198196,0.20879841,-0.10841361,0.11219984,-0.08789703,0.15292007,-0.013728589,-0.090333015,-0.0577769,0.042847335,0.019497901,-0.29053572,-0.051917613,-0.023745775,-0.007595569,-0.0074519515,0.007595569,0.007451892,-0.018221438,-0.118314415,-0.010288507,-0.118534654,0.032696456,-0.25312993,0.030156046,-0.27175373,1
-0.121084124,0.24072477,-0.13001338,0.24494413,-0.12862366,0.25332984,-0.13588014,0.24493149,-0.13493985,0.26976445,-0.102737784,0.17049024,-0.088909596,0.20740649,-0.019976795,-0.032319635,-0.07768226,0.09088954,0.010379791,-0.23158368,-0.0738011,0.039669484,-0.0065805316,-0.0073715746,0.006580502,0.0073715746,-0.022755533,-0.10641384,-0.014362097,-0.10192534,0.028031468,-0.26218504,0.02067566,-0.27057144,1
-0.117767274,0.25950575,-0.12811047,0.2618397,-0.12552834,0.27465832,-0.12965712,0.24974251,-0.12475422,0.28508276,-0.08895308,0.15899521,-0.06667441,0.20636684,0.0009675622,-0.039451033,-0.03081441,0.10229558,0.032856584,-0.22454569,-0.04734093,0.055636644,-0.008626759,-0.0070647597,0.008626789,0.0070647597,-0.022072375,-0.094062984,-0.009975433,-0.09763065,0.028138518,-0.22906312,0.01952663,-0.25219503,1
-0.13419777,0.25443792,-0.14572227,0.2574185,-0.14192942,0.2711097,-0.1488921,0.24726915,-0.13972011,0.28436065,-0.10897243,0.14662105,-0.074495524,0.20922047,-0.017485112,-0.073146254,-0.035991102,0.11635995,0.026005417,-0.27359444,-0.0632222,0.06537825,-0.012079507,-0.009990364,0.012079507,0.009990394,-0.03678304,-0.108031005,-0.020764709,-0.10758057,0.013966054,-0.24182278,0.009180635,-0.26722848,1
-0.13279161,0.26467705,-0.14275968,0.26631266,-0.14232937,0.28016376,-0.14278197,0.25474322,-0.14206034,0.29228073,-0.103031635,0.15909165,-0.076049894,0.21394783,-0.024640113,-0.04492858,-0.04217103,0.115638435,0.022000015,-0.23949611,-0.072199225,0.061214328,-0.009780914,-0.008216888,0.009780884,0.0082169175,-0.04261884,-0.0977225,-0.028296351,-0.10315722,0.0037543178,-0.23822868,-0.0031985044,-0.26960176,1
-0.15343165,0.22158486,-0.15750724,0.21632147,-0.16837126,0.23152596,-0.14768624,0.20641989,-0.17541105,0.24392664,-0.10188016,0.13211894,-0.09496552,0.16424578,-0.020708025,-0.09521416,-0.029192388,-0.048337698,0.0052996874,-0.2936533,-0.024873555,-0.20718062,-0.0014868379,-0.0044199824,0.0014867783,0.0044199824,-0.06957626,-0.11307421,-0.06511688,-0.11046189,-0.0103007555,-0.23879161,-0.016443402,-0.25925088,1
-0.12518737,0.2557643,-0.1292032,0.2535236,-0.13509989,0.26564324,-0.11859399,0.23991638,-0.1336765,0.2717319,-0.08068922,0.16535854,-0.07297099,0.2005353,-0.028181612,0.0155646205,-0.045518517,0.12081146,-0.0006673932,-0.18514678,-0.07515496,0.084921956,-0.0041460395,-0.0043177605,0.0041460395,0.004317701,-0.051554233,-0.10965103,-0.041422397,-0.11919761,0.005376309,-0.25543076,-0.0028268993,-0.2808683,1
-0.10444194,0.23484284,-0.10751146,0.23628962,-0.11244184,0.243788,-0.09777844,0.2264753,-0.1110051,0.24788624,-0.06713927,0.14781886,-0.054198712,0.17288715,-0.009619772,-0.030347824,-0.018104792,0.08238846,0.019892454,-0.2699462,-0.031373978,0.046718895,-0.0048804283,-0.0015052557,0.004880458,0.0015051961,-0.044011354,-0.090714395,-0.031990886,-0.1071361,0.0037854016,-0.23370016,0.0006271601,-0.26636758,1
-0.094196886,0.25534278,-0.093908906,0.26137072,-0.09562871,0.2620309,-0.08231589,0.26246417,-0.087468445,0.26642615,-0.059958458,0.17495811,-0.033598542,0.1806848,-0.0019001961,-0.04204434,0.027202696,-0.020982563,0.026869148,-0.24026391,0.033918202,-0.20974165,-0.008342147,0.001742065,0.008342147,-0.0017421246,-0.03156948,-0.17070132,-0.03149721,-0.190613,0.0040515363,-0.21756378,0.002072215,-0.24916872,1
-0.060159653,0.24720138,-0.062202513,0.25835693,-0.05504191,0.25972897,-0.052811354,0.2603758,-0.038285166,0.26393342,-0.03280437,0.17440927,-0.009167165,0.1733501,-0.0031954944,-0.024052948,0.011131227,-0.027727664,0.020258278,-0.20519578,0.035984278,-0.21632868,-0.0069407225,0.0023173094,0.0069407225,-0.0023172498,-0.02540481,-0.13094682,-0.023820609,-0.14550233,0.0055675805,-0.20854673,-0.0016004145,-0.23885539,1
-0.06234777,0.2519843,-0.060000777,0.2636401,-0.058047086,0.25713956,-0.045147955,0.2737276,-0.054056138,0.2613569,-0.027258813,0.2009831,-0.03885597,0.18948925,-0.038913995,0.13596958,-0.03583163,0.13819295,-0.058839053,0.12784123,-0.06409484,0.15174472,0.005002141,0.0050991178,-0.005002141,-0.005099058,0.006060481,-0.14444596,-0.014593065,-0.17181972,-0.0011463463,-0.17817664,-0.0023921728,-0.21009043,1
-0.07768482,0.25242078,-0.07583958,0.26035565,-0.06829041,0.25554746,-0.050674498,0.2594955,-0.045110613,0.25018585,-0.029870331,0.19232523,-0.013583243,0.17584997,-0.03546053,0.12683958,-0.017291456,0.11811721,-0.04913816,0.10897696,-0.049537897,0.1374917,-0.0043868124,0.007248521,0.0043868423,-0.0072484612,-0.007216871,-0.14921096,-0.013176769,-0.17543745,-0.013891071,-0.17515323,-0.02071923,-0.20035067,1
-0.030954003,0.072866976,-0.035280496,0.07116258,-0.02355808,0.06682813,-0.022652358,0.07922155,0.005115092,0.071000695,-0.011216104,0.12014836,0.03441888,0.04823029,-0.03805858,0.20733625,-0.011141568,0.061073244,-0.03761676,0.13359928,-0.06950471,0.10621965,-0.015670419,0.017977595,0.015670419,-0.017977595,-0.02187717,-0.14553228,-0.0049693286,-0.19065824,-0.0184955,-0.14235488,-0.05006379,-0.17704001,1
-0.044523567,0.061053455,-0.04880199,0.060532928,-0.037551254,0.06055051,-0.04382986,0.06858182,-0.01617992,0.06837255,-0.032161057,0.07976282,-0.003822267,0.06311756,-0.07401991,0.12300801,-0.05296001,0.083654284,-0.10819465,0.13264477,-0.11318678,0.12708956,-0.010151029,0.005164683,0.010151088,-0.0051646233,-0.041879952,-0.13906917,-0.032259226,-0.15182415,-0.047724545,-0.18737966,-0.047142982,-0.19845867,1
-0.063660145,0.02812928,-0.068329275,0.026132345,-0.06002906,0.027715445,-0.06484026,0.024372578,-0.048083097,0.028065145,-0.04786575,0.022723913,-0.03049928,0.02031672,-0.070599794,0.06239891,-0.07271904,0.048091114,-0.11809564,0.089808345,-0.13302398,0.07407504,-0.0048223734,0.0013489127,0.0048223734,-0.0013488531,-0.047628015,-0.12620464,-0.038792253,-0.119110286,-0.063405365,-0.19099021,-0.049272627,-0.18036288,1
-0.08659017,0.12944162,-0.08623785,0.12958574,-0.08169961,0.13187903,-0.067168,0.1158455,-0.06608957,0.11991656,-0.041179925,0.073254466,-0.042506546,0.076099396,-0.05703792,0.07907975,-0.069821,0.079702795,-0.102387756,0.08361381,-0.12853852,0.10558748,0.0022771358,0.0006955862,-0.0022771358,-0.0006955266,-0.043314934,-0.11262527,-0.049834907,-0.09917396,-0.045854688,-0.1953854,-0.041668743,-0.17194593,1
-0.041685283,0.025324881,-0.041727632,0.022506237,-0.036340386,0.021680892,-0.030171812,0.025375485,-0.020419717,0.022787452,-0.02053845,0.04070455,-0.009021163,0.025592446,-0.059093148,0.09684652,-0.06010118,0.060487628,-0.091956705,0.10194355,-0.12406856,0.08196151,-0.0038822293,0.0054285526,0.003882289,-0.0054285526,-0.051717103,-0.12375319,-0.051440716,-0.13637444,-0.05828634,-0.19708893,-0.052535206,-0.20937029,1
-0.08445096,0.24411434,-0.083464146,0.24482739,-0.081739485,0.24953687,-0.062440306,0.23090005,-0.06757206,0.23935002,-0.03849989,0.16854173,-0.038487136,0.17463648,-0.055874586,0.12640506,-0.06580123,0.12689608,-0.101493835,0.11920053,-0.12685305,0.13335651,0.00038552284,0.0011729598,-0.00038552284,-0.0011730194,-0.055865526,-0.093343586,-0.06507245,-0.088178754,-0.03245157,-0.22386846,-0.042270362,-0.21501803,1
-0.09065446,0.24126863,-0.08721629,0.23882425,-0.08989924,0.24576837,-0.061252773,0.22492635,-0.07677156,0.23638982,-0.039084822,0.1656341,-0.042338222,0.1723237,-0.06325984,0.13994813,-0.06495491,0.13571721,-0.118551165,0.1265527,-0.13598365,0.15067393,0.0021237135,0.00044602156,-0.002123654,-0.00044608116,-0.060397208,-0.0851019,-0.06853658,-0.070762634,-0.022380024,-0.1828194,-0.035583824,-0.15905666,1
-0.07198471,0.097501695,-0.07408622,0.09093094,-0.07175377,0.09730953,-0.061883956,0.07747865,-0.062138498,0.09150046,-0.047560036,0.058816552,-0.03722903,0.07401818,-0.09218484,0.08872521,-0.08782509,0.10126293,-0.15042514,0.12178129,-0.15896615,0.13086098,-0.0016517639,-0.0020924807,0.0016517043,0.002092421,-0.0627889,-0.09631854,-0.067242354,-0.07774812,-0.07020968,-0.19510525,-0.077224046,-0.17417446,1
-0.06687194,0.10473901,-0.06854972,0.1030516,-0.063103825,0.10639459,-0.05757475,0.0972507,-0.05167359,0.1030789,-0.045260966,0.07821107,-0.034705967,0.0824182,-0.08524385,0.10131484,-0.085480034,0.09533584,-0.13812003,0.1304183,-0.14813021,0.12952179,-0.001842022,-0.00080370903,0.001842022,0.00080376863,-0.054786593,-0.11790508,-0.06216669,-0.09678295,-0.052019745,-0.21493492,-0.061639965,-0.18287537,1
-0.085395336,0.09216875,-0.08721328,0.09416413,-0.076744646,0.09455669,-0.07253319,0.08947134,-0.054166704,0.086226046,-0.05884418,0.066417515,-0.030573368,0.04743457,-0.09918007,0.06996727,-0.093474776,0.020836055,-0.15648714,0.11268598,-0.15302712,0.09192228,-0.0067890882,0.0039981008,0.0067890882,-0.0039981008,-0.07288551,-0.13935828,-0.06887612,-0.121403545,-0.06527963,-0.22371522,-0.068629414,-0.19084534,1
-0.100354284,0.16682994,-0.101252854,0.16565925,-0.0964714,0.17089415,-0.0838806,0.1499852,-0.08037752,0.15813887,-0.06101817,0.102256715,-0.04932061,0.107815385,-0.094715595,0.08908528,-0.09719747,0.08358014,-0.15703449,0.12937635,-0.16626793,0.1378898,-0.0016239882,0.00010997057,0.0016239285,-0.000109910965,-0.079408884,-0.11301729,-0.08634472,-0.09292513,-0.062848985,-0.2229751,-0.07149094,-0.19387543,1
-0.09462243,0.17782414,-0.09775609,0.17709452,-0.0897046,0.18425363,-0.08185774,0.16436428,-0.06917602,0.17564112,-0.05976218,0.121981025,-0.036274135,0.11379844,-0.08992419,0.0949375,-0.0852631,0.056690633,-0.1449638,0.12745214,-0.1505706,0.133317,-0.006372273,0.0024949908,0.0063723326,-0.0024950504,-0.07716164,-0.1276888,-0.06959447,-0.11597368,-0.026830584,-0.20794055,-0.039175987,-0.19298476,1
-0.0815447,0.26138663,-0.08030492,0.2631358,-0.07805729,0.26663154,-0.058968842,0.24463058,-0.060801417,0.25071776,-0.042336553,0.16717446,-0.024918973,0.1729945,-0.071416795,0.08263391,-0.065040976,0.09078866,-0.11518875,0.116487205,-0.1328328,0.15144062,-0.004612565,0.0018804669,0.0046125054,-0.0018804669,-0.061181158,-0.0799464,-0.06438589,-0.08085871,-0.0418157,-0.21350026,-0.054189503,-0.21814957,1
-0.040876687,0.041971445,-0.04289502,0.037143946,-0.038767427,0.04074782,-0.03381282,0.04058677,-0.026842356,0.046414733,-0.021440446,0.067214906,-0.007500589,0.042429507,-0.043353558,0.14661783,-0.053001165,0.06628251,-0.11245111,0.19704396,-0.12502667,0.15587366,-0.0038844645,0.005408764,0.0038844347,-0.005408764,-0.046788543,-0.13757637,-0.045801073,-0.12462497,-0.024589062,-0.20184746,-0.03959623,-0.17337504,1
-0.07219896,0.21448833,-0.072445095,0.2194128,-0.06251049,0.22337222,-0.052566767,0.21246713,-0.038349777,0.21660656,-0.037420183,0.1519298,-0.016393185,0.14782554,-0.07188082,0.09514141,-0.07435149,0.07935858,-0.116995096,0.13232136,-0.1347881,0.16220176,-0.0049090385,0.0018436909,0.004908979,-0.0018436909,-0.054659426,-0.12243691,-0.056340218,-0.106808096,-0.022581667,-0.22440112,-0.03756857,-0.19978988,1
-0.06341377,0.030589938,-0.064587116,0.029453993,-0.05762297,0.030693889,-0.052524507,0.033886492,-0.041043192,0.03541273,-0.04065633,0.036016226,-0.02511096,0.03181833,-0.08483213,0.071086764,-0.08801207,0.055002093,-0.14158481,0.089929044,-0.16286951,0.10898614,-0.0035284162,0.0016883016,0.0035284758,-0.0016883016,-0.060442388,-0.14988813,-0.061113358,-0.13775086,-0.067204714,-0.2264522,-0.06435618,-0.20455024,1
-0.002177,-0.022617161,-0.0028483272,-0.024442196,0.0063745975,-0.028394818,-0.0010902882,-0.016281605,0.021917105,-0.024332643,-0.02020353,0.006225705,0.024996102,-0.008459747,-0.090236366,0.044294596,-0.06666157,0.020070612,-0.13188982,0.07210046,-0.14484996,0.09306544,-0.0137344,0.0032137632,0.013734341,-0.0032137632,-0.042604387,-0.16588706,-0.019343793,-0.15748075,-0.07509068,-0.21474767,-0.054575145,-0.19596612,1
-0.04087752,0.0016511083,-0.042238623,0.0017768741,-0.034408033,-0.0016595721,-0.036844313,0.009892881,-0.020739555,0.0021653771,-0.040499866,0.021761894,-0.009608984,0.0058449507,-0.09892076,0.060619712,-0.080165565,0.031758904,-0.14917183,0.08593041,-0.15002966,0.09328401,-0.008292556,0.0034179688,0.008292556,-0.0034179688,-0.0461964,-0.14387736,-0.035620213,-0.13657975,-0.07073063,-0.20807564,-0.059715033,-0.19211102,1
-0.049000293,0.15952498,-0.04618147,0.16089237,-0.042539895,0.16376883,-0.029955924,0.15354621,-0.031787813,0.15669781,-0.03477505,0.096260905,-0.01576379,0.1117301,-0.07950929,0.042876363,-0.07272589,0.07057673,-0.12086946,0.085784495,-0.1339094,0.112531364,-0.0032580197,-0.004168749,0.0032579899,0.0041686893,-0.048250884,-0.1458666,-0.04593736,-0.10252315,-0.046709955,-0.24578992,-0.038989335,-0.18516827,1
-0.02501151,0.035649,-0.025539339,0.0344463,-0.017509192,0.035571456,-0.018535554,0.036621034,-0.0035777092,0.039187014,-0.026100367,0.025659502,0.0036523938,0.041254938,-0.0793021,0.03182906,-0.06625369,0.062883615,-0.123238355,0.061483145,-0.14142779,0.09316796,-0.007888138,-0.0030318499,0.007888138,0.0030319095,-0.0443556,-0.16549844,-0.037368953,-0.13825428,-0.06849635,-0.23082212,-0.05387318,-0.19320375,1
0.003996074,-0.033396125,0.0037462115,-0.03470093,0.012209892,-0.03644657,0.0084267855,-0.023067534,0.028376162,-0.025942743,-0.009705812,-0.0072785616,0.030991018,-0.003963828,-0.07364011,0.016822994,-0.052094728,0.025984049,-0.12373036,0.044074178,-0.13120842,0.050985456,-0.0116918385,-0.00033324957,0.011691868,0.00033324957,-0.030517936,-0.18004736,-0.0133755505,-0.16110885,-0.07266104,-0.22217017,-0.04883051,-0.19310537,1
-0.011875808,0.059621036,-0.01177752,0.059752226,-0.0029477477,0.060260892,-0.0031345785,0.059580505,0.011626899,0.060097754,-0.016125947,0.03896302,0.015055895,0.04976076,-0.07585466,0.030848444,-0.060304493,0.05096835,-0.121295154,0.06637055,-0.12783569,0.06959653,-0.008330673,-0.0021935701,0.008330703,0.0021935701,-0.04264611,-0.16423652,-0.03127396,-0.13554597,-0.06546381,-0.23198661,-0.046028465,-0.19139904,1
-0.008832365,-0.009127438,-0.009825885,-0.011862874,-0.003768742,-0.012272954,-0.0055170953,-0.0065659285,0.0072745085,-0.0059329867,-0.013322741,0.0015329123,0.01054275,0.0087534785,-0.0777089,0.027477026,-0.055912584,0.045075893,-0.123808295,0.059546232,-0.13220349,0.0726406,-0.006891072,0.00030833483,0.0068911314,-0.00030833483,-0.038515985,-0.15246782,-0.027501404,-0.15348798,-0.07201496,-0.20422497,-0.045993656,-0.21040398,1
-0.04717326,0.062341034,-0.04730329,0.060369253,-0.041600794,0.061968625,-0.03429213,0.05690515,-0.027045071,0.059455454,-0.034426212,0.038992822,-0.010314524,0.040658355,-0.08948669,0.037409604,-0.07151508,0.038732946,-0.1362727,0.07154983,-0.14157945,0.09211236,-0.0055891275,0.00012052059,0.0055891275,-0.00012046099,-0.04785061,-0.14992076,-0.040326297,-0.13108146,-0.0638271,-0.2119602,-0.05334258,-0.18495774,1
-0.009503096,-0.021442354,-0.011179745,-0.022222579,-0.0017831624,-0.024808407,-0.008403271,-0.011220038,0.014735222,-0.015940666,-0.021072507,0.004969001,0.020161629,-0.002433896,-0.08634311,0.035507917,-0.055622637,0.025205076,-0.13147923,0.068062365,-0.1334286,0.079006016,-0.012345016,0.0020622015,0.012345016,-0.0020622015,-0.03279698,-0.17518958,-0.012975335,-0.16782308,-0.069150984,-0.2087211,-0.045408547,-0.19434342,1
-0.046779454,0.07238495,-0.05078414,0.07415295,-0.039526492,0.07387757,-0.045855403,0.07243872,-0.023749083,0.07172477,-0.03666264,0.051968813,-0.014649332,0.046025276,-0.081804484,0.055121183,-0.07278016,0.04377657,-0.123480976,0.093008995,-0.13369006,0.10236347,-0.0057941675,0.0023602247,0.0057941675,-0.0023601651,-0.03777936,-0.14152461,-0.03516704,-0.1411238,-0.050278127,-0.1925897,-0.04834968,-0.19254771,1
-0.025916219,0.047088563,-0.028395444,0.049819827,-0.016426295,0.048131764,-0.023768783,0.056616127,0.0014610887,0.052904308,-0.025993645,0.04294306,0.0043954253,0.042980134,-0.07982719,0.04240775,-0.062010407,0.048879683,-0.124143064,0.09175944,-0.12772247,0.10892326,-0.0083682835,0.0006070733,0.008368313,-0.0006070137,-0.026374638,-0.15908131,-0.022252858,-0.14986104,-0.048728973,-0.19971833,-0.041975558,-0.18574384,1
-0.019413233,-0.015339613,-0.021347284,-0.015495479,-0.011220485,-0.018884242,-0.017549783,-0.0044800043,0.008771598,-0.010530174,-0.026594102,0.010220587,0.017906368,0.00047898293,-0.08828291,0.03207004,-0.05290869,0.019574285,-0.12912369,0.07514703,-0.1230039,0.07419348,-0.013520569,0.0030046105,0.013520598,-0.0030046701,-0.023821294,-0.16240633,-0.0044172704,-0.16405615,-0.059693903,-0.18183294,-0.04112938,-0.18286705,1
-0.044302434,0.12797147,-0.045027465,0.13276905,-0.036164075,0.13173884,-0.033922642,0.13144016,-0.02027744,0.12729865,-0.03269428,0.09276992,-0.008831918,0.08114505,-0.08467752,0.06568289,-0.06943375,0.04491532,-0.12064177,0.102935016,-0.1215336,0.105461776,-0.0054934323,0.0029534698,0.005493462,-0.0029534101,-0.039928406,-0.12802956,-0.03718406,-0.12039587,-0.04459712,-0.20646209,-0.042920172,-0.19314256,1
-0.02190438,0.055496454,-0.022741556,0.057498753,-0.013501853,0.05398208,-0.015124232,0.06118226,0.00385046,0.052410543,-0.024127394,0.05474305,0.011961371,0.032529414,-0.0880695,0.06584144,-0.060100794,0.024172008,-0.13172302,0.10946351,-0.12559748,0.09162682,-0.010362059,0.0052779317,0.010362059,-0.0052779317,-0.037411064,-0.140338,-0.023647547,-0.14001676,-0.057913154,-0.19222209,-0.045324534,-0.18416491,1
-0.010908365,0.018304348,-0.012181997,0.018840551,-0.0037898123,0.014651358,-0.009687424,0.02562946,0.009586662,0.016904175,-0.021008015,0.032888114,0.013096124,0.015290022,-0.08645353,0.06252545,-0.056358755,0.031799614,-0.1295855,0.10615468,-0.12549505,0.09542614,-0.0102439225,0.0043659806,0.0102439225,-0.004365921,-0.029299289,-0.14334959,-0.014376402,-0.14704365,-0.057602584,-0.1900191,-0.038659275,-0.19007072,1
-0.061274618,0.18001908,-0.062752515,0.18525106,-0.054736167,0.18673187,-0.05090764,0.1777448,-0.04036978,0.17915457,-0.04097113,0.118855834,-0.02340141,0.11814588,-0.07993859,0.07310426,-0.071579725,0.0697242,-0.116862446,0.118152976,-0.12577674,0.12326014,-0.003481537,0.00080031157,0.003481537,-0.00080037117,-0.037007034,-0.11570975,-0.0391241,-0.1041131,-0.032381922,-0.2052035,-0.036129147,-0.19019732,1
-0.04927224,0.10258871,-0.050411582,0.10694575,-0.039546847,0.10636842,-0.03786537,0.10625714,-0.017628402,0.10305923,-0.03665182,0.07148194,-0.002634734,0.06452876,-0.08225772,0.0426718,-0.0662227,0.031727076,-0.12246272,0.08973718,-0.12431285,0.10092896,-0.008716315,0.0016563535,0.008716345,-0.0016563535,-0.036043823,-0.13921839,-0.028484762,-0.12432891,-0.044977218,-0.20198175,-0.040098697,-0.17915878,1
-0.026133776,-0.026986301,-0.027364433,-0.02924335,-0.019550651,-0.032446206,-0.022521794,-0.022144496,-0.0003928542,-0.028042853,-0.035636276,-0.0035443902,0.017929196,-0.016208231,-0.09628925,0.026687324,-0.052930027,0.006285548,-0.13662481,0.068756044,-0.13324639,0.06567389,-0.016029537,0.0032908916,0.016029537,-0.0032909513,-0.03254184,-0.16032678,-0.006965965,-0.15794647,-0.068849415,-0.1869373,-0.0465582,-0.18217853,1
-0.025609225,-0.019038081,-0.02781874,-0.020789087,-0.018958539,-0.022943854,-0.024087936,-0.012648821,-0.0013315976,-0.015902877,-0.028524846,0.0033581257,0.008326173,-0.0033074021,-0.086310744,0.031680763,-0.060718745,0.023403585,-0.12686351,0.07304078,-0.1343866,0.08451432,-0.011143953,0.0025209785,0.011143923,-0.0025209188,-0.02845794,-0.15884063,-0.013497472,-0.16209221,-0.060314715,-0.18584627,-0.04466027,-0.19041082,1
-0.0635134,-0.32038033,-0.04975599,-0.34264192,-0.06655866,-0.333392,-0.007755816,-0.35058582,-0.051540732,-0.3338462,0.044588447,-0.25482082,-0.041244745,-0.24197379,0.07439703,-0.10453242,-0.025796533,-0.11729634,-0.014965534,-0.01201123,-0.06355119,-0.030822337,0.026459098,0.003702879,-0.026459098,-0.003702879,-0.062560976,0.08876473,-0.11122984,0.074038684,0.01981479,0.20773613,-0.002137363,0.18143445,0
-0.0690757,-0.3204369,-0.05479914,-0.3426118,-0.0721429,-0.33376405,-0.012214661,-0.34959146,-0.05749929,-0.33402967,0.039740503,-0.25360385,-0.04579532,-0.24180236,0.0683558,-0.10163432,-0.031066477,-0.11680293,-0.020819426,-0.00878191,-0.06936383,-0.030114353,0.026540875,0.0037382245,-0.026540816,-0.003738165,-0.06610477,0.08817965,-0.11532247,0.07516211,0.015405297,0.20732921,-0.0065323114,0.1847449,0
-0.06571549,-0.32090878,-0.051246464,-0.34276727,-0.06818235,-0.33448294,-0.008014441,-0.34900603,-0.052986443,-0.3347857,0.043759823,-0.25156745,-0.04335046,-0.24194598,0.07176387,-0.099897504,-0.028277278,-0.11720717,-0.016379237,-0.009715557,-0.06440312,-0.029832125,0.02700895,0.0043854117,-0.02700895,-0.0043854117,-0.062330067,0.08911961,-0.11338222,0.072169065,0.019974709,0.20708543,-0.0033888817,0.17967588,0
-0.06554985,-0.32053587,-0.05142212,-0.34270382,-0.06866622,-0.33414868,-0.009244144,-0.3507411,-0.053771675,-0.33577642,0.04290068,-0.25448176,-0.04270196,-0.24434194,0.0734151,-0.10157102,-0.024780273,-0.11878538,-0.01556015,-0.008864224,-0.06333941,-0.030913651,0.026415586,0.00428319,-0.026415586,-0.00428313,-0.06202984,0.090183616,-0.11145717,0.07302964,0.020748079,0.20670265,-0.00091838837,0.17797941,0
-0.067053616,-0.318677,-0.052856207,-0.34042442,-0.06975806,-0.33235887,-0.010386169,-0.34839138,-0.054338276,-0.33469802,0.040893912,-0.2530758,-0.042791724,-0.24384752,0.07342976,-0.09945297,-0.025648117,-0.11703247,-0.013906956,-0.006275773,-0.06460452,-0.02531457,0.025675654,0.0040876865,-0.025675714,-0.004087746,-0.061338603,0.093260884,-0.107687175,0.0796237,0.01889044,0.20647848,0.0010756254,0.18404919,0
-0.066740274,-0.31643298,-0.052368045,-0.33784628,-0.06952345,-0.32993522,-0.010047853,-0.34446985,-0.054859877,-0.33118019,0.040724337,-0.24932957,-0.043631613,-0.24107596,0.07465017,-0.09808916,-0.026804209,-0.118541,-0.011320233,-0.0048297048,-0.06371659,-0.027310967,0.025927186,0.004105389,-0.025927126,-0.0041054487,-0.05954182,0.094065964,-0.10588598,0.08125323,0.020518541,0.20848525,0.0027537346,0.18775451,0
-0.065188885,-0.3194537,-0.051224947,-0.3406995,-0.067748606,-0.3328021,-0.009271741,-0.3485045,-0.05269867,-0.33495355,0.043207467,-0.252916,-0.042979896,-0.2454547,0.075209975,-0.09842527,-0.02566725,-0.12100053,-0.011815131,-0.0050738454,-0.059390843,-0.030558825,0.026570797,0.004584372,-0.026570857,-0.0045844316,-0.058145344,0.09230846,-0.10691798,0.07576209,0.021483779,0.20504397,0.0009072423,0.17844844,0
-0.064215004,-0.32019362,-0.050092936,-0.34228566,-0.0678581,-0.3336828,-0.008944154,-0.3505688,-0.054480195,-0.33535394,0.042854786,-0.25381356,-0.043990314,-0.24438548,0.0764004,-0.09959406,-0.025505245,-0.120408714,-0.013529658,-0.0046946406,-0.060893595,-0.02660805,0.026628375,0.0039018989,-0.026628315,-0.0039018393,-0.05817777,0.09105712,-0.10511029,0.07787144,0.024073482,0.20307142,0.0055547953,0.1809951,0
-0.0631485,-0.31958988,-0.048811913,-0.3411465,-0.066404045,-0.33314708,-0.0075803995,-0.34828815,-0.053378582,-0.33438158,0.043542802,-0.25096697,-0.044592798,-0.24267769,0.07697749,-0.097174644,-0.027427018,-0.11912447,-0.011354089,-0.0057702065,-0.059267044,-0.02689737,0.027090788,0.0038910508,-0.027090728,-0.0038910508,-0.054084957,0.092225075,-0.10203296,0.080157995,0.025826514,0.20158768,0.0062872767,0.18254912,0
-0.06368846,-0.31885144,-0.049452722,-0.34062135,-0.06740379,-0.33244944,-0.008458853,-0.34933683,-0.054992616,-0.3348777,0.04302752,-0.25251976,-0.046053886,-0.24488634,0.07581347,-0.097818196,-0.029036045,-0.12211841,-0.0112351775,-0.0052949786,-0.05922705,-0.027650416,0.027297378,0.0039538145,-0.027297378,-0.003953874,-0.05406332,0.09387386,-0.10051876,0.08097726,0.025551558,0.2009713,0.007886589,0.1803928,0
-0.06793934,-0.3159544,-0.05319661,-0.33789557,-0.07188982,-0.32996958,-0.011701345,-0.34682903,-0.0602147,-0.33303323,0.039317727,-0.25052783,-0.049923062,-0.24321812,0.07310194,-0.09760749,-0.033759177,-0.12309116,-0.013555586,-0.00456661,-0.0637995,-0.025710821,0.027365446,0.0036927462,-0.027365506,-0.0036928058,-0.055834174,0.09366429,-0.10199505,0.08449054,0.022674978,0.19806081,0.005448878,0.1841861,0
-0.068755925,-0.31513014,-0.054614007,-0.33676714,-0.07219583,-0.3287594,-0.012894392,-0.34592617,-0.05874914,-0.331972,0.038964212,-0.25018623,-0.04779291,-0.24384287,0.07195401,-0.09542221,-0.031316996,-0.12230939,-0.013188124,-0.0047363043,-0.061880946,-0.027678907,0.026613832,0.0040407777,-0.026613832,-0.0040407777,-0.05525881,0.09486002,-0.100796044,0.08341926,0.022891998,0.19984937,0.0048419833,0.18219012,0
-0.070446014,-0.31321174,-0.056290567,-0.3347415,-0.07331562,-0.3270308,-0.014031708,-0.34496596,-0.058934927,-0.331759,0.038923502,-0.25027052,-0.04815626,-0.2442843,0.07125783,-0.096488774,-0.03151226,-0.12250447,-0.0145513415,-0.004342437,-0.0622887,-0.025928259,0.026694775,0.004470408,-0.026694834,-0.0044704676,-0.058036745,0.09253371,-0.10523796,0.07819408,0.020988047,0.19982916,0.0019103289,0.17807674,0
-0.07169926,-0.31437793,-0.05720353,-0.33610725,-0.0744977,-0.32807866,-0.013875544,-0.3474951,-0.060139775,-0.33364573,0.03976798,-0.25393128,-0.049631476,-0.24709967,0.07154888,-0.09768438,-0.0326187,-0.12351018,-0.013884962,-0.0048933625,-0.061816096,-0.027528226,0.027574658,0.0042409897,-0.027574599,-0.0042409897,-0.057697833,0.09070742,-0.10687405,0.07746798,0.02332604,0.197061,0.0029551983,0.17709881,0
-0.072921336,-0.3092417,-0.05896145,-0.33065,-0.07586002,-0.3227541,-0.016572237,-0.3438124,-0.061521053,-0.329859,0.0368737,-0.2533913,-0.050294578,-0.24552974,0.070656896,-0.09704065,-0.034263432,-0.12011659,-0.013349056,-0.003975272,-0.06355822,-0.023613513,0.026729047,0.0036211014,-0.026728988,-0.003621161,-0.0548352,0.09553617,-0.100418806,0.08590829,0.021948814,0.19699931,0.0048227906,0.18176967,0
-0.0774256,-0.30928323,-0.0634042,-0.33068588,-0.08049095,-0.32298437,-0.021341145,-0.343183,-0.06650317,-0.32977003,0.03236389,-0.25198355,-0.05414456,-0.24412245,0.066878796,-0.095570564,-0.037807107,-0.11872953,-0.017522395,-0.0033960342,-0.06711799,-0.02449888,0.026460767,0.0034882426,-0.026460767,-0.0034882426,-0.057756543,0.09533578,-0.101808965,0.0870319,0.01760137,0.1976909,0.0033136606,0.18481594,0
-0.07502568,-0.30930808,-0.061692536,-0.33054033,-0.077833414,-0.32246062,-0.020041466,-0.34402907,-0.06298834,-0.32950434,0.034068525,-0.25373346,-0.05143994,-0.24519837,0.069580376,-0.09832275,-0.036658645,-0.121065974,-0.015792727,-0.0044825673,-0.06551975,-0.024264097,0.026073396,0.0030885935,-0.026073396,-0.0030885935,-0.05164504,0.09787804,-0.09427446,0.09194821,0.02203542,0.19547302,0.007571459,0.18589997,0
-0.07543373,-0.3091664,-0.061808705,-0.33046064,-0.07798916,-0.32257393,-0.019536495,-0.3439962,-0.062744975,-0.33016947,0.03439796,-0.25360122,-0.05153191,-0.24551389,0.06692672,-0.09530091,-0.03454888,-0.11712253,-0.015511632,-0.0033234954,-0.06344515,-0.023432672,0.026268959,0.003502071,-0.026269019,-0.0035021305,-0.055171013,0.094311416,-0.09982979,0.08375698,0.022957325,0.19544291,0.0069918633,0.17838979,0
-0.07846022,-0.30773252,-0.0649212,-0.32916793,-0.08076388,-0.32089892,-0.022008061,-0.34343562,-0.064346015,-0.32912013,0.03278005,-0.2542004,-0.05128336,-0.24655077,0.066893995,-0.09462893,-0.033151805,-0.11856806,-0.016374052,-0.003705144,-0.06363863,-0.025181234,0.025765002,0.00367409,-0.025765002,-0.00367409,-0.058932066,0.093636334,-0.103550375,0.083428204,0.022951424,0.19908941,0.005680859,0.18244344,0
-0.07974297,-0.30618212,-0.066627026,-0.32791814,-0.08221972,-0.31915006,-0.023406923,-0.34308043,-0.06517631,-0.32737637,0.031804383,-0.25393823,-0.051118135,-0.24486527,0.065280914,-0.09614229,-0.033782482,-0.117642224,-0.014927268,-0.0032343268,-0.064162254,-0.025020242,0.025189698,0.0032624602,-0.025189698,-0.0032624602,-0.056884468,0.0950551,-0.09851432,0.08547735,0.022453904,0.19861424,0.00805074,0.1820237,0
-0.07905203,-0.30716318,-0.0660637,-0.32882395,-0.08110857,-0.32000878,-0.022798717,-0.34442914,-0.063509345,-0.32846183,0.03355664,-0.2561986,-0.050326645,-0.24445197,0.0679065,-0.09878707,-0.03098011,-0.1137113,-0.013307273,-0.006039858,-0.06042987,-0.025576353,0.025506139,0.0029643178,-0.025506139,-0.0029642582,-0.056018293,0.09368169,-0.099431396,0.083422005,0.02334243,0.19833505,0.008013487,0.17978346,0
-0.0799045,-0.30655947,-0.06660986,-0.32792062,-0.08196163,-0.31987318,-0.023341715,-0.3429936,-0.06468284,-0.32883328,0.03149873,-0.25456464,-0.05121851,-0.24427429,0.06572008,-0.095875084,-0.030009508,-0.11222643,-0.01539737,-0.0015812516,-0.059364617,-0.023085952,0.025121987,0.00296247,-0.025122046,-0.00296247,-0.05214286,0.09841293,-0.094132304,0.08865875,0.025135636,0.19839889,0.012720048,0.18166286,0
-0.08225644,-0.30731136,-0.06902629,-0.3282178,-0.0834645,-0.3204224,-0.024979651,-0.34211278,-0.06456256,-0.32890826,0.02977395,-0.25385976,-0.050596476,-0.24552193,0.06172055,-0.0940516,-0.03068471,-0.1135543,-0.01784873,0.0016212463,-0.06137514,-0.023144603,0.02457428,0.0035504103,-0.02457434,-0.0035503507,-0.055385828,0.096119225,-0.09821224,0.08340728,0.024928331,0.20011812,0.010279894,0.17851889,0
-0.08385384,-0.30497622,-0.07114172,-0.32637954,-0.08572918,-0.31722277,-0.027431786,-0.3426224,-0.06740743,-0.32609063,0.028217971,-0.25658953,-0.05277735,-0.24549904,0.05852598,-0.09467363,-0.03551078,-0.11211479,-0.018691063,0.0007073879,-0.063925385,-0.021411896,0.024843752,0.0026562214,-0.024843752,-0.0026562214,-0.057335913,0.09434581,-0.099084854,0.08583599,0.024237394,0.20254916,0.008007288,0.18577933,0
-0.08826381,-0.3048363,-0.07584751,-0.3258099,-0.089544475,-0.31709364,-0.031970024,-0.3407953,-0.06969321,-0.32529798,0.023750424,-0.2549706,-0.0529868,-0.2435829,0.05607879,-0.095525146,-0.03560561,-0.110789955,-0.021520853,0.0006313324,-0.066337645,-0.020555556,0.023468018,0.002446115,-0.023468018,-0.0024460554,-0.056325138,0.09598887,-0.095609784,0.089517415,0.021232128,0.19859654,0.0074540973,0.18468219,0
-0.087382555,-0.3068337,-0.074025035,-0.32731447,-0.088668525,-0.31970578,-0.030056238,-0.34014106,-0.07032126,-0.32747978,0.023906112,-0.25308815,-0.055298626,-0.24498299,0.05525762,-0.09561223,-0.03620851,-0.11508626,-0.019941986,0.00014156103,-0.06462264,-0.02135247,0.024369001,0.0030913353,-0.024369001,-0.003091395,-0.0545125,0.095540166,-0.09610021,0.084950745,0.025645614,0.19815284,0.012016535,0.17965072,0
-0.088937044,-0.30561364,-0.07606852,-0.3267708,-0.09038782,-0.31814906,-0.031494856,-0.34182248,-0.07063806,-0.32681617,0.02297628,-0.25574803,-0.05256337,-0.24537957,0.05605185,-0.098324835,-0.032539308,-0.115930796,-0.018603086,0.001265049,-0.06382781,-0.02375406,0.023125231,0.0025351644,-0.023125231,-0.0025351644,-0.055266798,0.09493625,-0.09430665,0.087632716,0.025595903,0.19616485,0.0119892955,0.18089211,0
-0.09000391,-0.30257446,-0.076547384,-0.3231807,-0.09189224,-0.31550637,-0.03254652,-0.33840808,-0.073988914,-0.3254302,0.020930886,-0.25477612,-0.05618471,-0.24579534,0.055059254,-0.09788114,-0.034555674,-0.11671257,-0.01798135,0.001578927,-0.064003944,-0.020901382,0.023680627,0.0025340915,-0.023680568,-0.0025340915,-0.052904844,0.09762281,-0.09211278,0.09064692,0.026021063,0.19486922,0.014729023,0.18130654,0
-0.09663528,-0.30571854,-0.083791375,-0.3258983,-0.09694272,-0.31782544,-0.04240662,-0.34147763,-0.07734418,-0.32911482,0.01067394,-0.25203404,-0.062251866,-0.24311689,0.04401207,-0.098962784,-0.042933702,-0.123432934,-0.019095004,0.0029096007,-0.06746918,-0.025778294,0.021174788,0.001345098,-0.021174788,-0.001345098,-0.06867468,0.09897053,-0.09698081,0.09817356,0.028543353,0.18866271,0.021132112,0.18213224,0
-0.10012001,-0.29847485,-0.08732402,-0.3192599,-0.102098286,-0.3107174,-0.043720007,-0.33517346,-0.08328664,-0.32035112,0.011472344,-0.25418776,-0.061736345,-0.24165526,0.046893954,-0.09783846,-0.039759576,-0.11125213,-0.024701476,0.0047542453,-0.07085329,-0.017612398,0.022460103,0.0015735626,-0.022460163,-0.0015735626,-0.059612036,0.095098615,-0.095820546,0.09185946,0.021149158,0.19762415,0.011550844,0.18691581,0
-0.10343993,-0.2959675,-0.0900625,-0.31670845,-0.10566759,-0.30865657,-0.04637295,-0.33231542,-0.087376535,-0.3190802,0.007152915,-0.25207838,-0.06338519,-0.24198523,0.04462838,-0.09758836,-0.038199484,-0.11587459,-0.026001394,0.006390929,-0.069571316,-0.017429948,0.021710217,0.0018042326,-0.021710217,-0.0018042922,-0.06240189,0.095431805,-0.09744817,0.09294057,0.02257055,0.19700992,0.013776004,0.18787974,0
-0.10869622,-0.2962254,-0.096605,-0.3169714,-0.11061782,-0.30790278,-0.053859174,-0.3339345,-0.09071994,-0.31822744,0.0017177463,-0.2555343,-0.065366924,-0.24163285,0.038060963,-0.10057545,-0.0420084,-0.1127581,-0.029750586,0.0057588816,-0.07315898,-0.020343065,0.020797968,0.00087600946,-0.020798028,-0.00087600946,-0.06473297,0.09215307,-0.09984827,0.092620194,0.019500077,0.1960321,0.006636858,0.18869573,0
-0.10803664,-0.29561922,-0.0960142,-0.31566995,-0.10935968,-0.3075306,-0.05344528,-0.33253244,-0.088436306,-0.31919602,0.00075626373,-0.2544105,-0.06268901,-0.24367276,0.03937328,-0.09955758,-0.037359595,-0.1156351,-0.026486754,0.007961214,-0.06853455,-0.019899547,0.019579291,0.0012875199,-0.019579291,-0.0012875795,-0.06128168,0.09520006,-0.094199955,0.09525317,0.022085309,0.19307488,0.011401594,0.18614107,2
-0.112048686,-0.29599226,-0.10207397,-0.31595275,-0.1121003,-0.30651203,-0.064968884,-0.33621648,-0.08848095,-0.32130852,-0.00861311,-0.25352642,-0.0659852,-0.24241173,0.031387627,-0.10308969,-0.042817593,-0.12586528,-0.026443899,0.003833592,-0.07115102,-0.026470184,0.016228199,9.536743e-05,-0.016228199,-9.5427036e-05,-0.07682532,0.09395057,-0.09925908,0.099292696,0.028873742,0.1866607,0.015559256,0.18488199,2
-0.11316663,-0.2966715,-0.103248775,-0.31663015,-0.113188505,-0.3069958,-0.06590134,-0.33697534,-0.08933163,-0.32155883,-0.008919477,-0.2550805,-0.06644875,-0.2420057,0.032164574,-0.10514182,-0.041371763,-0.12322658,-0.02456367,0.0011079311,-0.07012206,-0.026791334,0.01615262,-0.00031030178,-0.01615268,0.00031030178,-0.07555312,0.09302169,-0.09623623,0.098377824,0.029847383,0.18281919,0.02090627,0.18021226,2
-0.12075132,-0.29286048,-0.11123997,-0.3125243,-0.1205771,-0.3029445,-0.0744164,-0.33304203,-0.09623873,-0.31786257,-0.015841603,-0.25259158,-0.071820736,-0.23998103,0.025626421,-0.101343215,-0.04753071,-0.1203419,-0.029341638,0.0028700233,-0.07434744,-0.0245924,0.015829086,-0.000338912,-0.015829086,0.000338912,-0.079331934,0.092974365,-0.10046339,0.098662496,0.026631296,0.1872176,0.015075266,0.1847189,2
-0.12448692,-0.28671798,-0.11334503,-0.30742368,-0.12661368,-0.29841855,-0.07198161,-0.32533684,-0.105192184,-0.31014583,-0.015374064,-0.25044137,-0.071870625,-0.23502418,0.030406177,-0.10054219,-0.040150166,-0.10739249,-0.031057179,0.007932544,-0.07294279,-0.015031993,0.017452896,-0.0001887083,-0.017452896,0.00018876791,-0.06461704,0.0936209,-0.09396094,0.09804517,0.020764232,0.19030339,0.01182574,0.1865949,2
-0.13275903,-0.28977045,-0.122579455,-0.3101029,-0.13300222,-0.3008366,-0.08426392,-0.3285889,-0.108991325,-0.31442362,-0.025671422,-0.24516055,-0.079340875,-0.23148587,0.017892778,-0.096812844,-0.049976707,-0.111943364,-0.03525722,0.0065351725,-0.07915431,-0.019260526,0.015115619,-0.0006763339,-0.015115559,0.0006763339,-0.082674325,0.09456545,-0.10291731,0.100967646,0.023091316,0.19013965,0.014275849,0.18866533,2
-0.13402432,-0.2864399,-0.12325734,-0.30694744,-0.13518703,-0.29813305,-0.08351338,-0.32517207,-0.11210728,-0.31181052,-0.024836361,-0.2453905,-0.07931763,-0.23100865,0.021201849,-0.10208541,-0.04118806,-0.11258948,-0.032105565,0.0047912598,-0.07507777,-0.018284619,0.015695572,-0.00039571524,-0.015695572,0.00039571524,-0.076866984,0.0935114,-0.101430595,0.09622741,0.02307123,0.19302255,0.016580641,0.18732607,2
-0.13979399,-0.28464434,-0.13053095,-0.30488423,-0.14002746,-0.29522893,-0.09334904,-0.32409054,-0.11522609,-0.30910653,-0.030243278,-0.24255818,-0.08412802,-0.22908959,0.01861304,-0.098285615,-0.05162728,-0.11542702,-0.037385225,0.004474759,-0.0784902,-0.021484911,0.015018284,-0.00053334236,-0.015018344,0.00053334236,-0.081857085,0.09367049,-0.10110867,0.0978657,0.024117112,0.1879735,0.017421722,0.1830033,2
-0.14436579,-0.27864492,-0.13471127,-0.29822642,-0.14496034,-0.28976056,-0.09776151,-0.31623343,-0.12169856,-0.30397442,-0.03583026,-0.23553249,-0.089603424,-0.22468692,0.0125207305,-0.09321433,-0.054771304,-0.11335224,-0.039828002,0.011308432,-0.080317795,-0.017315805,0.015280604,-0.0002837777,-0.015280604,0.0002837181,-0.07692754,0.10059321,-0.09910333,0.10323703,0.025098503,0.19118148,0.01590228,0.18569106,2
-0.15105772,-0.27152583,-0.14138103,-0.29030296,-0.15108454,-0.2825647,-0.103937864,-0.30765316,-0.12696111,-0.29737908,-0.04201275,-0.2294657,-0.09322095,-0.22148013,0.0066201687,-0.09014106,-0.06028068,-0.11428183,-0.044137,0.014177561,-0.08677995,-0.01347506,0.014523208,0.00018638372,-0.014523268,-0.00018638372,-0.07868433,0.10287154,-0.099448085,0.10419637,0.02290225,0.19445229,0.015072644,0.18775582,2
-0.15282398,-0.2690207,-0.14315104,-0.28716937,-0.15307611,-0.28034276,-0.10726899,-0.30298203,-0.12992084,-0.2951571,-0.04484886,-0.22461817,-0.09562367,-0.22054225,0.008255005,-0.085767806,-0.05728823,-0.115810156,-0.044953823,0.016841173,-0.08223367,-0.009637773,0.014395952,0.0010054111,-0.014395952,-0.0010054708,-0.07713562,0.10546768,-0.0977729,0.103028476,0.025469184,0.19773626,0.019624949,0.18688112,2
-0.15530884,-0.262621,-0.14829266,-0.2799614,-0.1550476,-0.2725907,-0.116475284,-0.30121988,-0.12855291,-0.2921651,-0.053355157,-0.2308785,-0.09275502,-0.22608581,-6.735325e-05,-0.0910297,-0.055663526,-0.11797893,-0.04602784,0.017365217,-0.08446866,-0.007609844,0.010484695,0.0002796054,-0.010484755,-0.0002796054,-0.079016685,0.10757369,-0.091456175,0.10693246,0.02589649,0.19847721,0.02092588,0.18667102,2
-0.16380388,-0.251916,-0.15693092,-0.26923138,-0.1639182,-0.26148325,-0.12576741,-0.2901819,-0.13842398,-0.28068328,-0.06340921,-0.22306564,-0.09910005,-0.21730116,-0.009430468,-0.08570683,-0.061308622,-0.11301488,-0.05220574,0.02538979,-0.08842158,-0.004307866,0.009779394,-0.0004181862,-0.009779394,0.0004181862,-0.08381963,0.107111216,-0.096886516,0.110639155,0.024009228,0.20455962,0.014748633,0.19768041,2
-0.17342609,-0.24253768,-0.16700608,-0.26010224,-0.17291033,-0.25269488,-0.13296312,-0.27899823,-0.14401525,-0.26952162,-0.07104695,-0.21234402,-0.102606714,-0.20739904,-0.022176087,-0.07875615,-0.067429245,-0.10619795,-0.06073922,0.03435999,-0.09275502,2.6524067e-05,0.008326471,-9.518862e-05,-0.008326471,9.524822e-05,-0.08366573,0.11350864,-0.09346193,0.11383271,0.017555296,0.21371174,0.012778997,0.20088243,2
-0.17841959,-0.24082893,-0.17235631,-0.259169,-0.17858219,-0.25071535,-0.13844705,-0.28111926,-0.14933491,-0.26916867,-0.07444143,-0.21592352,-0.10446042,-0.20712855,-0.022906005,-0.07929003,-0.06376767,-0.10225481,-0.06407446,0.035244107,-0.09175855,-3.0338764e-05,0.0077067614,-0.0010166764,-0.0077067614,0.0010166764,-0.08513683,0.10718638,-0.09407067,0.11144185,0.018075824,0.20107049,0.014943004,0.19293475,2
-0.1860184,-0.2342841,-0.17980283,-0.252567,-0.18638462,-0.24457401,-0.14560014,-0.27528998,-0.15686512,-0.26480678,-0.08268124,-0.21110597,-0.10827589,-0.20379081,-0.030725718,-0.07416999,-0.06437057,-0.098471045,-0.06836474,0.040102005,-0.09624159,0.0022098422,0.006308794,-0.00092089176,-0.0063088536,0.00092089176,-0.0885036,0.11090726,-0.09575522,0.113886535,0.018115997,0.20451933,0.016504288,0.19395185,2
-0.18904132,-0.22745642,-0.18234026,-0.24420294,-0.18830317,-0.23790291,-0.14791995,-0.26450282,-0.15877318,-0.25855282,-0.087748766,-0.20155418,-0.11177093,-0.20070699,-0.03856677,-0.06275821,-0.06974387,-0.097544014,-0.07076275,0.048018217,-0.09675366,0.002967596,0.006062031,-0.00011217594,-0.0060620904,0.000112235546,-0.08694792,0.115816176,-0.09341282,0.11611867,0.021615863,0.20965856,0.02103287,0.19665462,2
-0.19072574,-0.22215453,-0.184309,-0.23875928,-0.19084781,-0.23226139,-0.15125167,-0.26206735,-0.16341442,-0.25520366,-0.09016633,-0.20147976,-0.11676836,-0.19997188,-0.04000634,-0.060183227,-0.07341373,-0.0945822,-0.069977224,0.05112517,-0.09557772,0.010855138,0.006883979,-0.00072979927,-0.006883979,0.00072973967,-0.08189696,0.11651927,-0.08929777,0.11888397,0.02741158,0.20386904,0.024659455,0.1939246,2
-0.19267905,-0.2220361,-0.18715203,-0.23836607,-0.19261599,-0.2320823,-0.15603405,-0.26227054,-0.16439736,-0.2560649,-0.09532809,-0.20236462,-0.11728728,-0.20113215,-0.04437089,-0.06445962,-0.07158691,-0.09582245,-0.06907928,0.045749784,-0.094708025,0.011406839,0.005316615,-0.0010308623,-0.0053166747,0.0010308623,-0.07771754,0.11608142,-0.08358389,0.11705482,0.03392291,0.1978271,0.030464113,0.18527645,2
-0.18441594,-0.21866563,-0.17864144,-0.23323828,-0.18385327,-0.2290515,-0.15025377,-0.2563382,-0.15785998,-0.25556007,-0.09313911,-0.19732583,-0.11611223,-0.20416972,-0.04148519,-0.056168318,-0.066720724,-0.10080159,-0.06325132,0.05468315,-0.087133765,0.014349401,0.00566566,3.5703182e-05,-0.00566566,-3.5643578e-05,-0.06780714,0.11517155,-0.07622421,0.112290144,0.047379136,0.18858969,0.04336095,0.17477137,2
-0.1946125,-0.2129193,-0.19053555,-0.2263324,-0.19215745,-0.22380325,-0.16466832,-0.24774036,-0.16040504,-0.25170922,-0.10870814,-0.19108936,-0.11329579,-0.20313948,-0.05779302,-0.05700171,-0.062410235,-0.101053596,-0.0837518,0.049173236,-0.09362912,0.023458123,-0.00018805265,0.0011672974,0.00018805265,-0.001167357,-0.071160674,0.11900294,-0.0729692,0.11039257,0.04616481,0.1907224,0.043509305,0.16826773,2
-0.19830602,-0.21490538,-0.19354391,-0.22899786,-0.19512418,-0.22534704,-0.16538227,-0.25018916,-0.1619308,-0.25204933,-0.111400425,-0.19379121,-0.11364126,-0.20044708,-0.06966305,-0.0607692,-0.06478596,-0.0936597,-0.09087008,0.036958933,-0.09565288,0.017206311,-0.0005373955,-0.0001680255,0.0005373955,0.0001680851,-0.07774711,0.10623437,-0.07861447,0.10128456,0.047106206,0.17814076,0.04572618,0.15925926,2
-0.2056567,-0.21488085,-0.20164043,-0.22775897,-0.1998128,-0.22675383,-0.17539227,-0.24770194,-0.1621235,-0.2561317,-0.123043895,-0.1874952,-0.115269184,-0.20375973,-0.08963925,-0.043670714,-0.07691884,-0.08796233,-0.104159296,0.048932433,-0.117203474,0.032592237,-0.0039519668,0.0014355183,0.003951907,-0.0014355183,-0.0760079,0.11183947,-0.07300913,0.10110468,0.04440379,0.1722793,0.0450508,0.15098727,2
-0.20982105,-0.2066569,-0.20567232,-0.21828479,-0.20333904,-0.2199809,-0.18352205,-0.24269277,-0.1652149,-0.25797483,-0.1376121,-0.18702117,-0.114435494,-0.21178341,-0.10940719,-0.035305083,-0.07127106,-0.08786988,-0.12393844,0.039137363,-0.12164986,0.034986317,-0.008891702,0.0026881695,0.008891761,-0.002688229,-0.083271205,0.11326712,-0.07161254,0.10001069,0.042452216,0.1648438,0.054136932,0.14553857,2
-0.21713144,-0.1872701,-0.21365157,-0.20096606,-0.21202478,-0.20057517,-0.18715948,-0.21888739,-0.17184645,-0.2287494,-0.14435047,-0.15460402,-0.1158579,-0.17650303,-0.12906939,-0.005679488,-0.08375132,-0.060629904,-0.15793872,0.08861619,-0.14559472,0.067176044,-0.011280835,0.0020730495,0.011280894,-0.0020731091,-0.078654885,0.12771529,-0.060133815,0.1148383,0.041013658,0.17775124,0.0525409,0.1532389,2
-0.21717066,-0.19566077,-0.21418127,-0.20875305,-0.21252826,-0.20904794,-0.19277105,-0.23162559,-0.17361999,-0.24259716,-0.15284353,-0.1696409,-0.11695856,-0.19549644,-0.15097493,0.0008277297,-0.086707175,-0.06704426,-0.19148588,0.09862596,-0.15042871,0.040993214,-0.012402236,0.0021433234,0.012402236,-0.002143383,-0.07753742,0.10834706,-0.060887516,0.10092157,0.046461105,0.14546567,0.05589646,0.12987912,2
-0.22523004,-0.16116709,-0.22316891,-0.1732055,-0.22015154,-0.17476541,-0.20661488,-0.19911417,-0.18740666,-0.21076718,-0.16173202,-0.14241332,-0.14220941,-0.1650644,-0.17356515,0.03601855,-0.13825035,-0.03059858,-0.22084177,0.1461708,-0.21615064,0.08526361,-0.008112729,0.0016466975,0.008112729,-0.0016467571,-0.06850153,0.13365638,-0.05333376,0.1164282,0.050259948,0.17474568,0.061482966,0.14545363,2
-0.24684528,-0.16251498,-0.24260515,-0.17415172,-0.24006012,-0.18177122,-0.22461823,-0.18803063,-0.2055744,-0.21501452,-0.18751648,-0.11966473,-0.1457898,-0.17252958,-0.20500559,0.07215899,-0.1321044,-0.038782895,-0.25756913,0.17970091,-0.2191943,0.104111254,-0.012919664,0.007957518,0.012919664,-0.007957578,-0.07218933,0.13666463,-0.056791127,0.10688013,0.054475665,0.16172814,0.06902933,0.12785447,2
-0.2410354,-0.14323002,-0.23767573,-0.15405059,-0.23214671,-0.1622026,-0.22327071,-0.1715861,-0.19661158,-0.19907454,-0.18905333,-0.10841143,-0.14275837,-0.157754,-0.21386006,0.0866043,-0.13468981,-0.018149912,-0.26888615,0.21275234,-0.22376612,0.14844495,-0.014044464,0.0063039064,0.014044523,-0.006303847,-0.04597515,0.14481634,-0.04034549,0.121904016,0.07784665,0.14108789,0.07331669,0.12031472,2
-0.2553163,-0.12720734,-0.25421345,-0.135881,-0.24730325,-0.14286637,-0.2382111,-0.15954727,-0.20986593,-0.18209028,-0.19539273,-0.111433804,-0.15872845,-0.15092325,-0.22809198,0.090525806,-0.16620725,0.010098994,-0.2819509,0.20925826,-0.24592197,0.17940521,-0.011497319,0.0043628216,0.011497319,-0.004362762,-0.05172825,0.1307723,-0.040278733,0.10725659,0.05074352,0.12751818,0.058085263,0.096824944,2
-0.26691285,-0.08552027,-0.26762396,-0.09125066,-0.25709718,-0.10262549,-0.26055738,-0.1090588,-0.22255436,-0.14096642,-0.21500859,-0.06567031,-0.17239946,-0.11678809,-0.23072648,0.13786203,-0.17093864,0.04224533,-0.27882555,0.22616214,-0.2568174,0.21804762,-0.013391912,0.0061757565,0.013391852,-0.0061757565,-0.030416727,0.1531657,-0.022676349,0.11968827,0.07612407,0.13988209,0.08038664,0.105371594,1
-0.28424707,-0.06418991,-0.2846911,-0.070957184,-0.2759718,-0.080259204,-0.27097923,-0.097653806,-0.24452448,-0.12491882,-0.21814281,-0.06572026,-0.19283476,-0.11257666,-0.22818223,0.11567873,-0.17816645,0.022318006,-0.26824984,0.19554478,-0.23505902,0.17680985,-0.0077214837,0.004455209,0.0077215433,-0.0044552684,-0.010844111,0.15330875,-0.00741297,0.11964303,0.09526843,0.1256352,0.09772766,0.08911914,1
-0.27065477,-0.044599652,-0.27442265,-0.053036034,-0.2654306,-0.059824288,-0.26563954,-0.090714574,-0.23905396,-0.11014098,-0.21367928,-0.06756359,-0.18462768,-0.11057705,-0.21090353,0.11562526,-0.16068873,0.020638227,-0.24598828,0.18438476,-0.22102374,0.15477145,-0.009298384,0.0026656985,0.009298325,-0.002665639,0.018553793,0.14599973,0.026521087,0.117100775,0.1262418,0.100003004,0.1238485,0.06820303,1
-0.25851363,-0.05225408,-0.264237,-0.060265243,-0.25315803,-0.0676353,-0.25630587,-0.10189456,-0.22436428,-0.12233895,-0.20339093,-0.079936504,-0.16601473,-0.13397384,-0.19603848,0.084583044,-0.13902134,-0.032024622,-0.23187476,0.16124308,-0.19627061,0.09922731,-0.012681842,0.006379485,0.012681842,-0.0063794255,0.016635478,0.10002571,0.040138006,0.05695206,0.1055671,0.07948929,0.12310195,0.028686881,1
-0.24447185,-0.0436821,-0.25106728,-0.052612424,-0.23923236,-0.060120165,-0.24520245,-0.09369087,-0.2130039,-0.11481911,-0.19718114,-0.07201654,-0.1525732,-0.13061357,-0.17156187,0.08484048,-0.11367735,-0.049608827,-0.20537385,0.14293653,-0.17020065,0.06704974,-0.014938891,0.0061425567,0.014938831,-0.006142497,0.043585002,0.0793705,0.06969392,0.04144591,0.12941194,0.07389182,0.13715923,0.032960176,1
-0.23813856,-0.03092736,-0.24506792,-0.03891647,-0.23254752,-0.046711326,-0.24090514,-0.07682794,-0.2113494,-0.09790057,-0.19320488,-0.062409043,-0.1588001,-0.12021333,-0.16349235,0.08881664,-0.11716199,-0.037533462,-0.18579057,0.1346398,-0.16187274,0.08796424,-0.010775924,0.005011499,0.010775924,-0.005011499,0.07245511,0.054513156,0.089187086,0.017410338,0.15844792,0.08488488,0.15878057,0.04893619,1
-0.23913181,-0.009550691,-0.24846786,-0.011619806,-0.2265386,-0.027817547,-0.254284,-0.04679811,-0.19372627,-0.08572632,-0.21400362,-0.03782755,-0.14416716,-0.11085051,-0.16918692,0.09390867,-0.09391397,-0.03353405,-0.16295862,0.11131364,-0.14003846,0.09691352,-0.02362144,0.008584499,0.02362138,-0.008584559,0.080813885,0.05796832,0.09672636,0.0015833974,0.18076587,0.08944756,0.17596203,0.03460139,1
-0.2212106,0.00072205067,-0.23252305,-0.0015747547,-0.21238756,-0.019311547,-0.25037897,-0.030373514,-0.19988555,-0.073354006,-0.22396934,-0.016172886,-0.1548754,-0.10158402,-0.17303455,0.103742,-0.08723149,-0.060971677,-0.16793418,0.11483127,-0.11343217,0.06424755,-0.023378849,0.0086321235,0.023378849,-0.008632064,0.09644002,0.07126397,0.12101209,0.020570278,0.19265503,0.10179442,0.19051069,0.05801797,1
-0.21676803,0.007031083,-0.22622368,0.0031868815,-0.20925146,-0.012327433,-0.23806328,-0.01652348,-0.19725645,-0.05559653,-0.20465994,0.017002821,-0.15620568,-0.08764678,-0.15283898,0.14414126,-0.103732556,-0.09118509,-0.14507732,0.09618521,-0.11235875,-0.04018408,-0.016819596,0.01197809,0.016819537,-0.01197809,0.10046011,0.07389164,0.12221229,0.017041802,0.21721792,0.109891534,0.20236093,0.055728674,1
-0.19652572,-0.0052809715,-0.20699373,-0.0034948587,-0.18629587,-0.020239413,-0.22906864,-0.005723119,-0.1761742,-0.046381474,-0.21119407,0.019664705,-0.13260266,-0.07606673,-0.16349185,0.14257973,-0.0385336,-0.06885493,-0.13093376,0.13071406,0.0161857,-0.02017939,-0.023546666,0.009721875,0.023546696,-0.009721935,0.116189,0.039693773,0.1380952,-0.017472982,0.22838157,0.12476885,0.21530193,0.06507021,1
-0.16062257,-0.038263142,-0.16675004,-0.039042115,-0.15603417,-0.046165884,-0.19018781,-0.03139335,-0.16635144,-0.050636232,-0.17703849,-0.011043727,-0.13370496,-0.054142952,-0.112276584,0.059559464,-0.016754061,-0.05200237,-0.09454185,0.108002365,0.052570254,-0.0025439262,-0.010479689,-0.0029622912,0.010479689,0.0029622912,0.15314528,-0.03549546,0.1627455,-0.048590004,0.28280553,0.06220758,0.2745491,0.045613945,1
-0.029888391,-0.10588497,-0.042041004,-0.110060096,-0.025036275,-0.116463244,-0.10337883,-0.09707075,-0.053556144,-0.11038405,-0.13357008,-0.059428215,-0.05321464,-0.08291578,-0.04698831,-0.024377942,0.050792575,-0.092189014,0.047424465,-0.05454755,0.09060854,-0.08446175,-0.027142793,-0.0074595213,0.027142823,0.0074595213,0.14557719,-0.078694105,0.17917305,-0.08111143,0.29123968,0.027264059,0.29491794,0.030960262,1
-0.038924962,-0.10317284,-0.05201882,-0.10825449,-0.034110576,-0.10858148,-0.107227266,-0.091729045,-0.04952973,-0.09095353,-0.13379014,-0.049111724,-0.033611,-0.054668605,-0.058246166,-0.050155044,0.08306983,-0.08675867,0.038499862,-0.07525557,0.09732789,-0.09844154,-0.034060806,-0.008787751,0.034060776,0.008787692,0.12007433,-0.0981946,0.16074246,-0.10846901,0.2904591,-0.0077843666,0.29827183,-0.018283486,1
-0.18571493,0.017952025,-0.19252159,0.0174855,-0.17651874,0.008704424,-0.20590112,0.025955498,-0.1608505,0.0014519095,-0.19395517,0.05018896,-0.0957492,-0.022494495,-0.11905447,0.096041024,0.020304859,-0.0695681,-0.06685674,0.023289263,0.017677337,-0.07344842,-0.029134601,0.006216705,0.029134601,-0.0062167645,0.11504233,-0.06313908,0.14414364,-0.102451146,0.26308274,0.007258475,0.24648935,-0.027634323,1
-0.109799206,-0.03983456,-0.12053591,-0.036750436,-0.10119033,-0.04876685,-0.15316594,-0.013150811,-0.09739199,-0.04232478,-0.16065627,0.042623222,-0.06534898,-0.037810624,-0.16410282,0.09460014,0.066448,-0.08686143,-0.16410297,0.040210247,0.1361534,-0.082831204,-0.027421206,0.008229256,0.027421176,-0.008229256,0.121646404,-0.08099711,0.14149004,-0.13743556,0.25988007,-0.02720064,0.23407167,-0.08647573,1
-0.1308704,-0.014787078,-0.13929844,-0.013349235,-0.118091255,-0.020733595,-0.16081117,0.009070814,-0.09844828,-0.012750924,-0.16971587,0.051546693,-0.05098334,-0.024394274,-0.16613021,0.07621986,0.048932344,-0.10436243,-0.17343952,0.036952198,0.048935413,-0.08131951,-0.03464189,0.0074841976,0.034641862,-0.0074841976,0.111103356,-0.10150713,0.15042192,-0.14328444,0.27472085,-0.015554011,0.25996584,-0.056323826,1
-0.15493721,-0.008510768,-0.16300759,-0.010614455,-0.1451441,-0.009157598,-0.16646744,0.0030782223,-0.12130129,0.0016573071,-0.14518735,0.0295102,-0.08266345,-0.007168472,-0.13402548,0.03431201,-0.047309697,-0.06540024,-0.18188332,0.06719619,-0.1632383,0.005241692,-0.017757535,0.0023290515,0.017757505,-0.0023290515,0.10351592,-0.1189875,0.10921699,-0.15409338,0.27536094,-0.018609047,0.2397334,-0.060776353,1
-0.05660352,-0.050130844,-0.07028705,-0.05316341,-0.0508703,-0.05004388,-0.103792876,-0.038523734,-0.051547676,-0.03355056,-0.12089586,-0.016710222,-0.040679604,-0.044944644,-0.14506716,0.0085090995,-0.025880039,-0.09392005,-0.19376288,0.04617101,-0.10754162,-0.015976608,-0.02501291,-0.002650261,0.02501291,0.0026503205,0.089304596,-0.12961072,0.13594887,-0.14567053,0.25607285,0.002948165,0.26589093,-0.023439705,1
-0.14411518,-0.015472829,-0.16201934,-0.018364131,-0.13691157,-0.012733698,-0.18921489,0.0030320883,-0.120281726,0.016867757,-0.18240422,0.03451848,-0.07554802,0.016579926,-0.174671,0.036438346,-0.06356713,-0.045430005,-0.17840254,0.028582871,-0.14295748,-0.014748335,-0.03421685,-0.004970014,0.03421685,0.0049699545,0.096930295,-0.14449829,0.13790694,-0.15589911,0.24250033,-0.03324932,0.21590808,-0.05443591,1
-0.11735931,-0.056438863,-0.13325769,-0.05777955,-0.11170977,-0.05894941,-0.17347102,-0.028565168,-0.10632688,-0.030627668,-0.1947777,0.02003789,-0.05208373,-0.01517576,-0.1793288,0.0060752034,0.039431423,-0.09567219,-0.14328355,-0.030842304,0.039363444,-0.07287598,-0.04470247,-0.0027169585,0.04470247,0.002716899,0.09851974,-0.15132213,0.14391297,-0.17027032,0.24600238,-0.03098011,0.22506827,-0.048433185,1
-0.12808043,-0.06707162,-0.1400893,-0.06809133,-0.122953,-0.06327343,-0.16239205,-0.039557397,-0.1097337,-0.025648355,-0.16631164,-0.00327605,-0.055666327,-0.012288034,-0.1493465,0.017395735,0.06391299,-0.02725321,-0.06689054,-0.051931202,0.17132735,-0.03502822,-0.032320976,-0.008131266,0.032320976,0.008131206,0.10129714,-0.16771722,0.13670796,-0.17358154,0.24567693,-0.060147703,0.22677523,-0.07243842,1
-0.120232075,-0.07222444,-0.1333288,-0.083147824,-0.12806204,-0.07501149,-0.16527039,-0.07576227,-0.14786103,-0.05025506,-0.16169713,-0.032006264,-0.12376928,-0.02516371,-0.14220904,0.015927076,-0.118210256,-0.0119591355,-0.059752256,-0.058644414,-0.063811064,-0.06450182,-0.01390028,-0.014151573,0.01390028,0.014151573,0.11773723,-0.16981155,0.13919604,-0.15951258,0.2219283,-0.04615307,0.21053565,-0.053023934,1
-0.15448543,-0.011454821,-0.17229742,-0.019372165,-0.16307202,-0.0024434328,-0.1915999,-0.011546671,-0.17192513,0.03205836,-0.15676469,-0.0015841126,-0.12744285,0.02469778,-0.08812097,-0.026019275,-0.09415892,-0.02496618,-0.0476577,-0.06281614,-0.052193284,-0.07372481,-0.009295702,-0.016092122,0.009295702,0.016092122,0.12055659,-0.17481887,0.14332962,-0.15640545,0.2308343,-0.01775986,0.21068603,-0.03142196,1
-0.19929984,0.0001795888,-0.21366772,-0.007467866,-0.1999487,0.009783685,-0.2175545,0.005779624,-0.18283503,0.047198415,-0.17942531,0.02619356,-0.11013633,0.049916565,-0.13779113,-0.04340136,0.0006558001,-0.03521663,-0.10315421,-0.055706024,0.12641883,-0.050474107,-0.018847793,-0.013934612,0.018847764,0.013934612,0.09999263,-0.15398568,0.13398743,-0.13666987,0.22357559,-0.057294846,0.19619203,-0.06927103,1
-0.21032676,-0.029715061,-0.22497466,-0.041440845,-0.22132932,-0.025018513,-0.22541277,-0.022678494,-0.21719897,0.01884967,-0.16417088,0.0050822496,-0.14654091,0.032769084,-0.09556568,-0.043057144,-0.10052398,-0.05316937,-0.14231563,-0.053528905,-0.13203076,-0.09264809,-0.0059663057,-0.011609018,0.0059663355,0.011609018,0.09093702,-0.16146547,0.09652293,-0.15230572,0.16359192,-0.08823097,0.14270079,-0.10490465,1
-0.19261795,-0.027039886,-0.2066615,-0.03748274,-0.20173527,-0.020861447,-0.20580742,-0.018146574,-0.19630948,0.024183273,-0.14666982,0.0057789683,-0.14635639,0.04050994,-0.09702,-0.018392205,-0.12807864,-0.0059698224,-0.14141603,-0.022411346,-0.14647278,-0.04697293,-0.00090935826,-0.0142861605,0.00090938807,0.01428622,0.11396295,-0.16970646,0.111557394,-0.15848017,0.18920636,-0.093242705,0.17171371,-0.11031896,1
-0.15940236,0.025616705,-0.16845459,0.018326223,-0.15568753,0.0256809,-0.18099163,0.036673427,-0.14620288,0.05655372,-0.16244924,0.051298916,-0.08925226,0.066091895,-0.12767568,0.032211125,-0.008626074,0.022814453,-0.09040564,0.05020827,0.076749235,-0.0071704984,-0.021083951,-0.0112733245,0.021083951,0.011273265,0.09819847,-0.1503107,0.13118416,-0.1369906,0.19780985,-0.06841093,0.17497411,-0.08997482,1
-0.21646932,0.017995,-0.22252378,0.011042416,-0.21962245,0.018075705,-0.21708727,0.033337295,-0.21106017,0.051565707,-0.17995794,0.05672145,-0.13779482,0.06515622,-0.13098377,0.033032358,-0.023199499,0.02180028,-0.09220201,0.012159169,0.09184021,-0.015825272,-0.010486931,-0.01045835,0.010486901,0.010458291,0.09829146,-0.12802345,0.113646686,-0.123645544,0.18560064,-0.06468612,0.1701042,-0.08571535,1
-0.24284291,-0.001357317,-0.25330228,-0.0008915663,-0.26044145,0.017464638,-0.24890366,0.041552365,-0.26403862,0.08671105,-0.18406615,0.055894136,-0.17452964,0.08037758,-0.08036634,-0.00079995394,-0.08577496,0.0006662011,-0.009365946,-0.028456748,-0.043525755,-0.019810498,-0.0024707317,-0.012120485,0.0024707317,0.012120485,0.05916351,-0.16936642,0.07672876,-0.16073179,0.15047634,-0.03074032,0.15698826,-0.050801277,1
-0.25396538,0.023926437,-0.265857,0.02291596,-0.27160674,0.043604434,-0.25859255,0.06173718,-0.27237463,0.110301495,-0.18770048,0.07486904,-0.18546891,0.104284346,-0.11035666,0.046770394,-0.14720222,0.048382103,-0.07881412,0.020311713,-0.17160878,0.035595655,-0.0004030168,-0.012768507,0.0004030168,0.012768447,0.06655577,-0.14104706,0.084822565,-0.13095957,0.14958254,-0.030774593,0.15412667,-0.050163627,1
-0.23929341,0.039214313,-0.25370383,0.033326626,-0.24977913,0.044249713,-0.2570518,0.057641745,-0.25413844,0.087920606,-0.19755982,0.079152286,-0.190335,0.0982483,-0.14259693,0.11513054,-0.15409493,0.11487532,-0.15993243,0.0566563,-0.15752828,0.048843503,-0.0016554892,-0.011741102,0.0016554594,0.011741042,0.08415705,-0.1609438,0.08240008,-0.15798599,0.15719408,-0.05695796,0.1392088,-0.081572115,1
-0.23132269,0.037612915,-0.2463427,0.03231114,-0.24239364,0.045639157,-0.24963722,0.05609137,-0.24583164,0.09127933,-0.1881793,0.07195592,-0.1834238,0.09554732,-0.1319012,0.107656,-0.1444641,0.108899355,-0.15237421,0.045681536,-0.14999399,0.03943485,-0.00028458238,-0.012466431,0.00028458238,0.01246649,0.08743793,-0.16275895,0.08609635,-0.15780878,0.16580826,-0.053028703,0.14894152,-0.07857621,1
-0.19195206,0.032423317,-0.20959748,0.023643017,-0.20564857,0.03879559,-0.22307381,0.044144392,-0.21849161,0.08470869,-0.17703138,0.06635308,-0.15847467,0.09528673,-0.11426461,0.09578037,-0.10397881,0.10103077,-0.12002072,0.049378276,-0.1115427,0.046916842,-0.00558725,-0.014610767,0.00558722,0.014610767,0.10865328,-0.17577094,0.11749172,-0.1675514,0.19642061,-0.055025935,0.1791718,-0.07841736,1
-0.21855387,0.037179828,-0.23427829,0.029619873,-0.23103625,0.043424606,-0.24135493,0.05252409,-0.23893192,0.0895229,-0.18808855,0.07383907,-0.17791246,0.099831045,-0.13438943,0.106800735,-0.13517252,0.10944682,-0.14255035,0.06320977,-0.134835,0.06391966,-0.0026798248,-0.013729811,0.0026798248,0.013729811,0.09858245,-0.16804123,0.1010254,-0.16405046,0.18126124,-0.048617303,0.16466206,-0.0783,1
-0.19959879,0.03351462,-0.21499738,0.023902237,-0.21084051,0.03576082,-0.22666422,0.041297853,-0.22173256,0.074026585,-0.18197091,0.067510605,-0.16893156,0.089849174,-0.13074335,0.10263449,-0.12856963,0.105454326,-0.1269112,0.06284481,-0.121831834,0.06623888,-0.004752964,-0.013484657,0.004752964,0.013484597,0.1007531,-0.17508388,0.10732323,-0.17193103,0.18600729,-0.060290754,0.17195383,-0.08854222,1
-0.22236063,0.031053841,-0.2429724,0.022109807,-0.2394744,0.045600533,-0.25242135,0.039213598,-0.24755244,0.09992689,-0.19292113,0.05543965,-0.17864232,0.10623968,-0.1355246,0.07280314,-0.13321516,0.10623968,-0.14521796,0.053358674,-0.13341272,0.06283361,-0.0050390363,-0.020017147,0.0050390363,0.020017147,0.105054736,-0.18281543,0.13046598,-0.15693313,0.1851455,-0.07309818,0.18887633,-0.08183557,1
-0.2276884,0.027919054,-0.24214086,0.017359495,-0.24036014,0.03786379,-0.24134247,0.027947843,-0.24448144,0.080078244,-0.17611131,0.04144448,-0.18028757,0.082772136,-0.12814677,0.065778136,-0.15700114,0.089306414,-0.14944756,0.05889976,-0.13814992,0.052667737,0.0025934875,-0.01653272,-0.0025934875,0.01653272,0.08663809,-0.15465075,0.093414426,-0.13878208,0.17907095,-0.024201035,0.15711975,-0.05051583,1
-0.2209582,0.047172904,-0.23969173,0.039637923,-0.23373237,0.05640173,-0.25103396,0.05006647,-0.24132001,0.09439999,-0.1979318,0.06180513,-0.17751816,0.09211117,-0.14212775,0.048579454,-0.14277399,0.05436635,-0.17143396,0.04060954,-0.15898141,0.033801794,-0.0075012147,-0.014999807,0.007501185,0.0149998665,0.10365701,-0.156744,0.12612998,-0.14640427,0.19548488,-0.035920143,0.19337678,-0.05214411,1
-0.22103143,0.04864782,-0.23922421,0.041223407,-0.23495564,0.05942899,-0.24627206,0.0524444,-0.24113624,0.10053128,-0.18771493,0.06192583,-0.17758803,0.09482318,-0.1343621,0.0475173,-0.14482376,0.052458882,-0.17037122,0.042688906,-0.15849973,0.024325907,-0.0038817227,-0.015239596,0.0038817227,0.015239537,0.10982242,-0.14983839,0.12804809,-0.13711882,0.19185391,-0.046136737,0.19013491,-0.06019169,1
-0.2016507,0.028095007,-0.21961135,0.022014081,-0.21646418,0.040572047,-0.23007971,0.039573967,-0.22818126,0.08761191,-0.17564936,0.049137652,-0.16995597,0.09178156,-0.11043683,0.0396809,-0.12029368,0.06655711,-0.14500518,0.01904881,-0.13233659,0.0002644062,-0.0021864474,-0.01739949,0.0021864474,0.01739955,0.11381391,-0.17350489,0.12828305,-0.15318513,0.19383666,-0.056643367,0.19979706,-0.062246203,1
-0.21497448,0.030326605,-0.22949028,0.024106443,-0.22774634,0.044321835,-0.23036201,0.03455043,-0.23375301,0.08535957,-0.16999976,0.0331468,-0.17608503,0.07680118,-0.122983664,0.019226134,-0.14662445,0.048145175,-0.17152038,0.023905694,-0.15545945,0.011796415,0.004178822,-0.017754436,-0.0041787922,0.017754436,0.124607146,-0.16830957,0.13124228,-0.14826006,0.22077572,-0.03112179,0.21157402,-0.04565698,1
-0.22608984,0.045597374,-0.24244672,0.039822698,-0.23867062,0.0567829,-0.2460946,0.052480876,-0.2418071,0.096876085,-0.1886897,0.054491878,-0.1783016,0.08926958,-0.12031078,0.036304772,-0.13607907,0.04966402,-0.13684428,0.027680814,-0.14187989,0.0069880486,-0.0038828254,-0.0165717,0.0038827956,0.0165717,0.12145001,-0.15717661,0.13670695,-0.13690436,0.20369989,-0.049667418,0.2058168,-0.050986946,1
-0.18831879,0.020956576,-0.1979118,0.012192249,-0.19407618,0.017799437,-0.21483946,0.017103016,-0.21286668,0.03600055,-0.1811272,0.028460085,-0.17785709,0.05551535,-0.118554205,0.04441434,-0.13714223,0.07279855,-0.07850507,0.018661141,-0.08252537,0.010585904,-0.00071689487,-0.017297387,0.00071689487,0.017297328,0.14187971,-0.15438205,0.14118296,-0.1335141,0.23082969,-0.060656905,0.20560125,-0.06769222,1
-0.16639693,0.01164937,-0.17936118,0.00095534325,-0.17282479,0.009937286,-0.19949794,0.004207909,-0.18811782,0.03083086,-0.16699453,0.024171889,-0.14847633,0.05053562,-0.105540246,0.032174885,-0.11056554,0.048944533,-0.080302924,0.008393705,-0.0883643,-0.0014111996,-0.006444603,-0.015456915,0.006444633,0.015456915,0.12430194,-0.14424819,0.13606101,-0.12765187,0.22093534,-0.06251949,0.19228518,-0.074870884,1
-0.17111468,0.01969862,-0.18905191,0.01260668,-0.17803271,0.022710204,-0.21829757,0.0145123005,-0.19774306,0.044662893,-0.18478902,0.025930285,-0.161654,0.06128645,-0.11059025,0.033883214,-0.1024254,0.0705809,-0.07914585,-0.004740715,-0.07873818,-0.005168736,-0.008361191,-0.01894927,0.008361191,0.01894921,0.15046597,-0.1770994,0.16472912,-0.15533596,0.25415206,-0.062234282,0.23529285,-0.06554389,1
-0.19225793,0.02067846,-0.20558815,0.0108885765,-0.20128481,0.024446785,-0.21372285,0.017432868,-0.21080625,0.05367887,-0.16580181,0.030656993,-0.16094783,0.060625315,-0.110281825,0.030678213,-0.12863357,0.043474972,-0.11707872,0.018145084,-0.12263468,0.0029312372,-0.0009909868,-0.0152769685,0.000990957,0.015276909,0.11819342,-0.14133036,0.12589055,-0.12571096,0.21095914,-0.04373145,0.18491715,-0.059743106,1
-0.08480966,0.001969248,-0.08609289,0.0029467642,-0.07444489,-0.010976285,-0.06612396,0.0020774603,-0.04054427,-0.034358263,-0.036661267,0.03855154,-0.01507628,-0.07275948,-0.06718898,0.13825125,-0.08824915,-0.10482481,-0.15685391,0.09531295,-0.17208636,-0.05187425,-0.0077117085,0.027232379,0.0077117085,-0.027232409,-0.080421925,0.030048072,-0.060432017,-0.017569482,-0.13808197,0.06491274,-0.13379365,0.04320085,2
-0.09130937,0.043202996,-0.09230393,0.041788876,-0.08251858,0.03070879,-0.07194561,0.029206872,-0.05218512,-0.0006017983,-0.047926724,0.04913497,-0.0216465,-0.056107372,-0.09505463,0.13739872,-0.0964064,-0.08770117,-0.15850365,0.12189627,-0.17697203,-0.0333336,-0.0090969205,0.027060479,0.0090969205,-0.027060509,-0.098251045,0.07172266,-0.065235496,0.011823237,-0.12085158,0.09789407,-0.09930134,0.048278034,2
-0.1030978,0.07940763,-0.10468018,0.08299509,-0.09231824,0.065966666,-0.08487272,0.07661688,-0.060258925,0.033725977,-0.05237156,0.09185752,-0.032728493,-0.025440812,-0.074771285,0.18082428,-0.101823926,-0.06549463,-0.16735798,0.13646889,-0.18770152,-0.010420054,-0.007504821,0.028892636,0.007504761,-0.028892606,-0.07732564,0.08406672,-0.056155562,0.023776919,-0.13659269,0.115255,-0.1218698,0.07734352,2
-0.10218185,-0.012880743,-0.10374999,-0.015208185,-0.09066415,-0.024733245,-0.07764548,-0.015466273,-0.04795164,-0.043609887,-0.044652402,0.024254978,-0.008568823,-0.07648152,-0.057946682,0.11708486,-0.07244468,-0.11591956,-0.15251237,0.082086325,-0.1682654,-0.06651324,-0.0129080415,0.025396109,0.012908101,-0.025396109,-0.10633087,-0.041562587,-0.07615876,-0.07684764,-0.14904857,-0.0010822415,-0.12682772,-0.009963423,2
-0.08228886,0.05682087,-0.07666397,0.05900994,-0.07471776,0.037763506,-0.050460458,0.061521262,-0.05199802,0.008153319,-0.026149154,0.08642712,-0.027026832,-0.041009307,-0.049484253,0.18070292,-0.07268274,-0.07943782,-0.14897823,0.13793278,-0.16705447,-0.01285848,0.0008224249,0.033113778,-0.0008223653,-0.033113748,-0.06473076,0.07852617,-0.086018205,-0.0044505596,-0.11986762,0.097647786,-0.13595521,0.03629887,2
-0.100878,0.06688893,-0.100907505,0.06622866,-0.09113437,0.05412218,-0.07395148,0.05427906,-0.057844818,0.019853532,-0.04077798,0.07011324,-0.028341949,-0.04270783,-0.06030965,0.17145091,-0.09323013,-0.08205688,-0.16079259,0.13082731,-0.18188435,-0.020679474,-0.00451982,0.027879804,0.00451982,-0.027879775,-0.093112886,0.09613708,-0.08001745,0.04592493,-0.124641895,0.09758514,-0.11669344,0.07247797,2
-0.111310005,0.019671708,-0.113854825,0.018467039,-0.10040164,0.008107454,-0.09253895,0.01697281,-0.062408864,-0.014051646,-0.05806446,0.05128005,-0.027298868,-0.06041172,-0.068321526,0.14718688,-0.093250215,-0.11018109,-0.17003942,0.105201066,-0.1849351,-0.04191768,-0.0116837025,0.026833862,0.011683643,-0.026833862,-0.104426384,-0.0011722445,-0.068912625,-0.045724064,-0.1270613,0.043135524,-0.09871197,0.02219516,2
-0.085103214,-0.06997985,-0.08731073,-0.074986994,-0.07607788,-0.080435544,-0.06638384,-0.084766746,-0.040166616,-0.104133695,-0.033403754,-0.039833397,-0.013533592,-0.13054934,-0.04526013,0.08765012,-0.07721883,-0.13834366,-0.13941056,0.06195128,-0.15588117,-0.085492015,-0.007645309,0.021063626,0.007645309,-0.021063656,-0.09209412,0.004623443,-0.059138417,-0.014487058,-0.11267316,0.009658188,-0.0869292,0.0182558,2
-0.097008884,0.022256047,-0.09778708,0.020187497,-0.087026656,0.012199283,-0.07375008,0.008286506,-0.052147448,-0.017649382,-0.039189577,0.031205684,-0.02285093,-0.06769511,-0.040971935,0.13445985,-0.07945216,-0.10291225,-0.13931412,0.09947044,-0.15996808,-0.04840529,-0.006317258,0.023338437,0.006317258,-0.023338407,-0.08556265,0.030953765,-0.06260264,0.002041459,-0.097890615,0.024428517,-0.07896364,0.024931759,2
-0.104491174,0.043833345,-0.10330832,0.044341445,-0.09230757,0.03352508,-0.07576877,0.035998642,-0.05601591,0.0027477145,-0.04145372,0.055929363,-0.029860556,-0.053669155,-0.040587425,0.15671295,-0.08172822,-0.09839636,-0.13609529,0.10881704,-0.15743524,-0.040984422,-0.0053483844,0.025086343,0.005348444,-0.025086373,-0.07757056,0.038695216,-0.053498805,0.003271103,-0.08036715,0.0336608,-0.05065787,0.032573014,2
-0.1033535,0.09769279,-0.09901768,0.099515736,-0.097302556,0.08374721,-0.07450116,0.099184364,-0.07841241,0.058029592,-0.043775737,0.113848716,-0.05150348,-0.004276693,-0.04103577,0.20453787,-0.08750057,-0.06280026,-0.14438772,0.15406793,-0.16101861,-0.004814297,0.0023791194,0.02774179,-0.0023790598,-0.02774179,-0.039732873,0.07728928,-0.048889875,0.017890275,-0.05350399,0.09318283,-0.056863666,0.061640114,2
-0.1024397,0.05721861,-0.10288185,0.057688862,-0.092378795,0.04839897,-0.079839945,0.052778512,-0.05989611,0.024982125,-0.03961253,0.07082212,-0.028873742,-0.030053586,-0.028956234,0.14739639,-0.083366334,-0.095228285,-0.13364464,0.11226922,-0.15661645,-0.039268345,-0.004704535,0.024935424,0.0047044754,-0.024935454,-0.085283756,0.0025405288,-0.06948137,-0.03133443,-0.11026454,0.025117397,-0.09634215,0.022551805,2
-0.11459774,0.068360746,-0.115146875,0.065678835,-0.108255506,0.05910921,-0.090857804,0.05263567,-0.0809471,0.032958895,-0.04454434,0.066287726,-0.048284948,-0.020829022,-0.03557241,0.16281885,-0.09284264,-0.060409814,-0.14084637,0.13123453,-0.16527253,-0.024640113,0.00096946955,0.021496445,-0.00096952915,-0.021496415,-0.059485376,0.03589645,-0.06497729,0.0049545765,-0.07397902,0.020922333,-0.08641511,0.016343415,2
-0.13242197,0.10585269,-0.13287854,0.10812771,-0.1263485,0.094855756,-0.11548817,0.10667524,-0.105644524,0.07099542,-0.07535672,0.11585033,-0.06972593,0.006251663,-0.054687202,0.19750625,-0.10382247,-0.058144003,-0.15414333,0.16366756,-0.17672771,0.0007174313,-0.0021803975,0.02550137,0.002180338,-0.0255014,-0.061169386,0.06956869,-0.06084144,0.019865483,-0.07119328,0.103333145,-0.074394524,0.07648003,2
-0.09836841,0.13979074,-0.09276956,0.14182112,-0.09406829,0.1256397,-0.07073641,0.1320472,-0.08385444,0.089530945,-0.039522946,0.12351546,-0.06342548,0.00888595,-0.03287846,0.20335874,-0.090513706,-0.058401406,-0.1300075,0.15930316,-0.15612507,0.0007211566,0.009953022,0.026730984,-0.009953082,-0.026730984,-0.02815187,0.12517354,-0.076898456,0.06932157,-0.024024129,0.10157153,-0.08494872,0.07608372,2
-0.11954355,0.123651266,-0.1165511,0.12786886,-0.1142689,0.112246156,-0.09855574,0.13227803,-0.100820124,0.09142724,-0.06505942,0.13725281,-0.076477766,0.024406612,-0.03851235,0.2155819,-0.09394115,-0.048916668,-0.14671767,0.17106497,-0.16712302,0.005240172,0.0042454004,0.024210185,-0.00424546,-0.024210185,0.0057465434,0.07400188,-0.021210492,0.0202398,0.027012646,0.07176426,0.00074607134,0.045449674,1
-0.121647,0.14863,-0.11620557,0.15250412,-0.11746681,0.13510358,-0.09550053,0.14742449,-0.10955262,0.10296771,-0.05509579,0.13555145,-0.0910784,0.021784693,-0.032330215,0.21819326,-0.11189681,-0.04489574,-0.14314342,0.18288395,-0.17587888,0.017317504,0.014262021,0.02632457,-0.014262021,-0.02632457,-0.003394425,0.1594868,-0.06816536,0.095630616,0.013811469,0.15755436,-0.059116185,0.11858016,1
-0.105326235,0.15930033,-0.10359961,0.16218388,-0.09962088,0.14673537,-0.08536607,0.14840174,-0.0852896,0.10764319,-0.05023998,0.13619283,-0.062367916,0.019445091,-0.04060614,0.22144878,-0.09447187,-0.0434193,-0.1367557,0.17402983,-0.16363037,0.01341489,0.006118238,0.027378798,-0.006118238,-0.027378827,-0.034798086,0.13377088,-0.07931644,0.0741002,-0.026379764,0.13339147,-0.09477472,0.09815553,1
-0.113330424,0.11723688,-0.11623734,0.12172997,-0.104450285,0.108842164,-0.104099095,0.12256858,-0.078089595,0.086526096,-0.07108384,0.12721843,-0.049161732,0.02018246,-0.04447943,0.19870204,-0.08083612,-0.045645863,-0.13346964,0.16472244,-0.15553331,-0.0010589957,-0.008735478,0.023569405,0.008735478,-0.023569435,-0.042699635,0.08600083,-0.022887588,0.036730707,-0.036431372,0.110099465,-0.01831919,0.07873246,1
-0.10655391,0.12951908,-0.10987741,0.13448921,-0.09738374,0.12027228,-0.09928715,0.12799123,-0.07251334,0.08853307,-0.06587684,0.1268942,-0.045998335,0.013080448,-0.043768287,0.20142898,-0.08088243,-0.05045736,-0.13029945,0.16184077,-0.15180367,0.00037139654,-0.008379042,0.026086926,0.008379042,-0.026086926,-0.06708932,0.116529495,-0.04278022,0.06055531,-0.06878126,0.13175645,-0.045153737,0.09260282,1
-0.0787645,0.13502514,-0.0775581,0.13700956,-0.07007456,0.12541288,-0.05289793,0.11531383,-0.045191288,0.08318704,-0.020536065,0.10348123,-0.026251078,0.0016211569,-0.024145305,0.17914164,-0.07357013,-0.053182214,-0.10611504,0.14064902,-0.13428986,-0.015538216,0.0011702776,0.025009036,-0.001170218,-0.025009006,-0.062974334,0.12884587,-0.061924875,0.08267167,-0.08300805,0.094891876,-0.08235639,0.07393843,1
-0.1069175,0.14471355,-0.1036849,0.14768901,-0.102586985,0.13128665,-0.084321976,0.13669631,-0.09106195,0.09408194,-0.047071934,0.12829801,-0.068303704,0.008857012,-0.034200072,0.21297458,-0.09218657,-0.05786234,-0.13286304,0.16271147,-0.15613544,-4.196167e-05,0.009254336,0.028030723,-0.009254277,-0.028030723,-0.027134597,0.14794764,-0.07788104,0.08605644,-0.023528695,0.12725934,-0.09181708,0.09273657,1
-0.10932493,0.1416341,-0.10438466,0.14338309,-0.10459787,0.12679231,-0.07953292,0.1307872,-0.0903101,0.08714965,-0.043238282,0.123019755,-0.06609583,0.0011861026,-0.036820173,0.20837909,-0.09124136,-0.06439164,-0.1302793,0.15814108,-0.1562339,-0.0013571978,0.009391308,0.028646827,-0.009391367,-0.028646797,-0.032467544,0.14725876,-0.07624674,0.084825695,-0.033287942,0.11612174,-0.08824074,0.08385593,1
-0.1183694,0.11747199,-0.11677289,0.12047994,-0.1130048,0.10357508,-0.09845787,0.11405906,-0.09645724,0.069287,-0.06315553,0.119197845,-0.06750435,-0.007529229,-0.04728949,0.20750064,-0.08842659,-0.07388383,-0.13826215,0.15058172,-0.1581831,-0.010214955,0.00182724,0.02854079,-0.00182724,-0.02854076,-0.038600564,0.12338841,-0.05351591,0.06109181,-0.036312878,0.102243304,-0.057258844,0.06702241,1
-0.109274685,0.10999137,-0.10294509,0.11180952,-0.10584116,0.09413025,-0.07870114,0.107809335,-0.0944764,0.062134564,-0.043324232,0.11049849,-0.06983441,-0.010957539,-0.03138596,0.2005918,-0.08522582,-0.070530385,-0.13107586,0.15072238,-0.14807773,-0.00828594,0.01088506,0.028274745,-0.01088506,-0.028274715,-0.017168045,0.14205194,-0.06557447,0.07893318,-0.018369079,0.10494164,-0.07329923,0.07189661,1
-0.11043173,0.07727888,-0.10311371,0.07791665,-0.10841733,0.059961915,-0.078449845,0.07845977,-0.098326266,0.032409042,-0.05263537,0.09279242,-0.06826836,-0.026627898,-0.050181687,0.18099761,-0.08299118,-0.083396405,-0.13527381,0.13725257,-0.14344412,-0.022893876,0.006417036,0.026490688,-0.006417036,-0.026490718,-0.022600293,0.101365805,-0.044302583,0.04646465,-0.040473998,0.05757466,-0.056286752,0.03513959,1
-0.11696279,0.09901768,-0.11291891,0.10248637,-0.113572955,0.08381298,-0.09396207,0.10431126,-0.1015234,0.05674514,-0.05910939,0.116606385,-0.0703727,-0.009050399,-0.037006736,0.19965741,-0.08209908,-0.07733014,-0.13120884,0.14883193,-0.14595008,-0.0117203295,0.0048063993,0.02882579,-0.0048063993,-0.02882579,-0.023652375,0.1114279,-0.052652955,0.047303855,-0.036735177,0.09464434,-0.06791997,0.0601978,1
-0.09169805,0.042153418,-0.08864695,0.03816223,-0.093494475,0.025867581,-0.06327927,0.034824044,-0.081721425,0.0037587583,-0.0328812,0.06735492,-0.042683125,-0.045710832,-0.044220805,0.15993428,-0.06971228,-0.10268438,-0.131132,0.11281961,-0.13385284,-0.045057863,0.0044850707,0.026360929,-0.0044850707,-0.026360959,-0.037639856,0.09179312,-0.04486382,0.043009847,-0.10321128,0.04377255,-0.11828202,0.023885459,1
-0.103120625,0.083197415,-0.10108191,0.076639414,-0.10670996,0.06620222,-0.07431358,0.06333014,-0.095612824,0.037521422,-0.038645267,0.084100336,-0.050221324,-0.021434933,-0.048472404,0.17618379,-0.0730564,-0.07403317,-0.14151382,0.13120982,-0.14161497,-0.026699781,0.0053801537,0.025246143,-0.0053801537,-0.025246143,-0.0345248,0.12615845,-0.04838699,0.07825437,-0.09903145,0.05535543,-0.12891656,0.032045454,1
-0.06978029,0.07275355,-0.06932539,0.06879684,-0.066798985,0.060441524,-0.041553855,0.0481489,-0.045383632,0.025513232,-0.011696219,0.050357997,-0.019165456,-0.04154402,-0.03293991,0.13059074,-0.062882066,-0.09197751,-0.120654166,0.1065554,-0.12821203,-0.05107847,0.003112495,0.02258563,-0.003112495,-0.02258566,-0.04814005,0.13380712,-0.0502975,0.09497291,-0.10789758,0.074504495,-0.11470628,0.05887592,1
-0.10505903,0.06500015,-0.10337585,0.061865717,-0.10415578,0.05127901,-0.07676989,0.05314228,-0.08502889,0.025205761,-0.041567326,0.07001552,-0.043917477,-0.036445975,-0.03542894,0.1602056,-0.06107849,-0.09761056,-0.11435753,0.115196526,-0.11777717,-0.05566123,0.0018168688,0.024430573,-0.0018168688,-0.024430603,-0.037950337,0.093737125,-0.046973526,0.049867183,-0.08007902,0.07098332,-0.09825903,0.05215746,1
-0.16997784,0.022857249,-0.17280382,0.019637734,-0.17042488,0.008875638,-0.15187758,0.009816855,-0.14868587,-0.017902195,-0.08758414,0.039660335,-0.08954972,-0.06933096,-0.050328672,0.14469212,-0.09049034,-0.10984564,-0.13454014,0.107065976,-0.14354008,-0.052655518,0.0011649132,0.026966691,-0.0011649132,-0.026966661,-0.06655753,0.13860577,-0.074909925,0.08311516,-0.11757046,0.10134405,-0.13312,0.064020246,1
-0.17785692,0.055569828,-0.1778382,0.05512467,-0.17523688,0.041481823,-0.15488112,0.043413162,-0.15416288,0.0095564425,-0.09526253,0.06498554,-0.106144786,-0.0473153,-0.09045941,0.18667275,-0.12303448,-0.06266227,-0.16120929,0.17071903,-0.16625857,-0.011501938,0.005872965,0.02678305,-0.005872965,-0.02678305,-0.051163733,0.16550153,-0.07468784,0.10421187,-0.068569124,0.14431834,-0.11483407,0.09840283,1
-0.15827262,0.05845183,-0.15907711,0.058837175,-0.15294242,0.045873046,-0.13096386,0.049330384,-0.1207487,0.016499937,-0.070919216,0.069025844,-0.07232624,-0.049718052,-0.054710805,0.1684686,-0.09483129,-0.101757586,-0.13607901,0.11324644,-0.14185828,-0.047914892,0.0010173917,0.029345065,-0.0010173917,-0.029345036,-0.051344216,0.12923491,-0.064192,0.061161727,-0.09132463,0.14124429,-0.115751565,0.09247166,1
-0.16958964,0.04668802,-0.16789395,0.047236025,-0.16336846,0.032690585,-0.1365239,0.04153496,-0.13244617,0.005032748,-0.08040732,0.06613746,-0.087322354,-0.053057283,-0.07465899,0.17388564,-0.11006141,-0.09652156,-0.15040505,0.115927696,-0.15347683,-0.045880377,0.0039536357,0.027996391,-0.0039536357,-0.02799642,-0.030334711,0.1262042,-0.056954384,0.05873975,-0.049892187,0.13250601,-0.09262687,0.085106105,1
-0.17296672,0.023950815,-0.16810584,0.027474403,-0.16496837,0.009173125,-0.13705856,0.037576854,-0.13921285,-0.006163329,-0.08256137,0.071561694,-0.10290694,-0.040040344,-0.07957649,0.1717732,-0.12626159,-0.079576105,-0.15598762,0.11535466,-0.16174799,-0.055865437,0.008604288,0.026543617,-0.008604288,-0.026543647,-0.0153236985,0.09439522,-0.05657673,0.024744064,-0.03888488,0.11459714,-0.08393675,0.06441027,1
-0.19321537,0.08193362,-0.1913364,0.08461207,-0.1876843,0.06964499,-0.16447234,0.07894963,-0.16476625,0.043185145,-0.105068326,0.086031765,-0.12570888,-0.01998344,-0.088646054,0.18366477,-0.13498956,-0.06842226,-0.16889763,0.1254035,-0.17364967,-0.037192047,0.0089895725,0.022577137,-0.0089895725,-0.022577137,0.015174091,0.10223785,-0.026896298,0.044074655,0.024338007,0.08558273,-0.02803278,0.047090888,1
-0.2203384,0.09486079,-0.21320802,0.094860226,-0.21572852,0.08097935,-0.17777807,0.09497905,-0.19731116,0.060083,-0.12474078,0.1014013,-0.15899819,0.020812511,-0.12091923,0.21490568,-0.17152709,0.029846191,-0.1967004,0.16914105,-0.22202796,0.07549533,0.014478743,0.014074862,-0.014478803,-0.014074862,0.037929893,0.103150845,-0.015547216,0.06666529,0.073217094,0.045927107,0.015137374,0.030972421,1
-0.21592295,0.13091719,-0.2145319,0.12876761,-0.21387225,0.12066808,-0.18520957,0.11155602,-0.19670248,0.09140745,-0.12776536,0.10386002,-0.1555627,0.029397547,-0.11880851,0.21439484,-0.16583753,0.02780369,-0.18894148,0.16570124,-0.20439464,0.06837955,0.01074487,0.012150466,-0.01074487,-0.012150466,0.03555745,0.09983072,0.010376632,0.064635545,0.079393744,0.038234025,0.049500942,0.014391482,1
-0.18634117,0.12759447,-0.18906933,0.122834206,-0.19022119,0.11737752,-0.1694079,0.09299952,-0.18152285,0.08337459,-0.10214889,0.08673221,-0.13940734,0.005815476,-0.0877319,0.2043289,-0.14501047,0.0058562756,-0.16011477,0.14709842,-0.16319859,0.04683411,0.01269722,0.017413974,-0.012697279,-0.017413974,0.008061886,0.11079854,-0.008713722,0.0580734,0.040299714,0.0780932,0.008718252,0.023056954,1
-0.18684918,0.1385814,-0.18884945,0.1301601,-0.19323546,0.12912983,-0.1663819,0.0937455,-0.18584442,0.09516385,-0.09880185,0.08449146,-0.14396393,0.025840253,-0.08663732,0.20813614,-0.14657134,0.057096153,-0.1533575,0.15710473,-0.1640411,0.115457654,0.014986694,0.012129664,-0.014986753,-0.012129694,0.019014716,0.11364466,-0.0052322745,0.06975305,0.068018794,0.06802064,0.027670085,0.019450039,1
-0.2075088,0.16161764,-0.20686072,0.15883332,-0.20907569,0.15125716,-0.18337011,0.12996235,-0.19975138,0.11452645,-0.12066674,0.107138425,-0.1579858,0.04658991,-0.09747124,0.21356416,-0.15023488,0.074213326,-0.16370225,0.15966934,-0.1720643,0.13935208,0.013545632,0.011693209,-0.013545692,-0.01169318,0.017983854,0.1214107,-0.016707957,0.08331576,0.05771923,0.071564466,0.017498314,0.0423505,1
-0.21844876,0.16242757,-0.21830457,0.15658173,-0.21962774,0.14992234,-0.19244993,0.13254303,-0.20903909,0.11640766,-0.13696212,0.114323914,-0.1604461,0.057190835,-0.12450898,0.24076238,-0.15015674,0.11797878,-0.17850935,0.18202922,-0.17743897,0.16139409,0.010370195,0.00893563,-0.010370195,-0.00893563,0.028338552,0.11837378,-0.0026136637,0.087653846,0.06993002,0.07632032,0.024977922,0.05302906,1
-0.22424346,0.20081991,-0.22517318,0.19317967,-0.228041,0.18685955,-0.20570779,0.15650582,-0.2257477,0.14198801,-0.15010732,0.12009156,-0.17363703,0.07633743,-0.13013923,0.23772871,-0.15493786,0.14245525,-0.17989504,0.19972932,-0.18249208,0.17044914,0.0101136565,0.0069846213,-0.0101136565,-0.0069845915,0.0012089014,0.14811313,-0.03138423,0.11943087,0.039594054,0.1176281,-0.0053620934,0.09164789,1
-0.2046758,0.14904755,-0.19977003,0.14149976,-0.21142727,0.13156539,-0.1754722,0.11087662,-0.2142201,0.08650282,-0.13250595,0.10178003,-0.16606271,0.014862239,-0.11200994,0.21194768,-0.16615695,-0.0037355125,-0.14628255,0.19504958,-0.20001566,0.076633304,0.012056351,0.013656139,-0.012056351,-0.013656139,0.028801918,0.089153856,-0.0015332103,0.051013023,0.07020235,0.030543357,0.028983533,0.008404285,1
-0.21128488,0.1255033,-0.21053207,0.1177443,-0.21951473,0.10738373,-0.19647384,0.09289688,-0.2301228,0.06643158,-0.15273976,0.0985643,-0.17895025,-0.0015529394,-0.123751044,0.21368259,-0.15947527,-0.047454357,-0.15143156,0.205481,-0.16887808,-0.00586915,0.009154558,0.015407473,-0.009154558,-0.015407503,0.022135139,0.08398491,0.0084450245,0.03471753,0.06747204,0.04047042,0.048172712,-0.008531749,1
-0.25385827,0.09452486,-0.25572067,0.08928442,-0.25672573,0.0784187,-0.24294162,0.08089703,-0.25074703,0.049963176,-0.19726974,0.10287842,-0.1839943,-0.0022804737,-0.14943969,0.20987979,-0.12414217,-0.0710834,-0.17244238,0.19693753,-0.15983903,-0.046595246,-0.0033010244,0.014022499,0.0033009648,-0.014022499,0.062463105,0.059618503,0.050992668,0.00781697,0.15060484,0.01579988,0.120896935,-0.030382127,1
-0.27847663,0.10982785,-0.28522506,0.10202083,-0.28310558,0.098614424,-0.27299666,0.078618586,-0.2729084,0.07066214,-0.21796888,0.09738231,-0.2057516,0.014011592,-0.19630831,0.19492662,-0.18541378,-0.06023076,-0.22278994,0.1891948,-0.18255746,-0.10130969,-0.0030502677,0.0068150163,0.0030502677,-0.0068149865,0.08745879,0.046432287,0.08628112,0.026146024,0.17600924,-0.06025088,0.14287013,-0.07744452,1
-0.24026608,-0.004027933,-0.24488688,-0.023301095,-0.25560045,-0.0036263764,-0.2256988,-0.038232,-0.2528523,0.008726686,-0.16676527,-0.020141393,-0.1874507,0.029742897,-0.16390574,0.05888328,-0.20026225,0.09367263,-0.24208608,0.07366815,-0.25654688,0.08434713,0.007830024,-0.017431468,-0.007829964,0.017431438,0.029055595,-0.018834949,0.028956294,0.03310269,0.083144665,-0.06564638,0.078944206,-0.016753018,1
-0.29912364,-0.006598383,-0.30664298,-0.026004404,-0.3156302,-0.005726397,-0.2892234,-0.03523612,-0.3157705,0.015060961,-0.21390408,-0.017385215,-0.25144836,0.04969105,-0.2153529,0.06594169,-0.26484296,0.13426396,-0.32218075,0.07341072,-0.33699957,0.10571286,0.013603747,-0.023979604,-0.013603747,0.023979604,0.113857806,-0.011209071,0.09531015,0.034149796,0.17538434,-0.04316771,0.16559261,-0.008066952,1
-0.20683312,-0.006118238,-0.2102758,-0.025719881,-0.22227326,-0.003134638,-0.18818712,-0.039871365,-0.22034815,0.014129221,-0.13807482,-0.027145833,-0.16218871,0.041293174,-0.14464426,0.031815916,-0.17167693,0.10340381,-0.20987052,0.092421055,-0.21971756,0.09625232,0.008742273,-0.020203263,-0.008742213,0.020203233,0.030805945,-0.029369831,0.033949494,0.024375975,0.067825735,-0.049139827,0.07987535,-0.003943026,1
-0.19052294,-0.04095146,-0.19730937,-0.054026008,-0.20328698,-0.03596583,-0.18548682,-0.05253604,-0.20154858,-0.007894546,-0.12850001,-0.030792326,-0.15696529,0.02788195,-0.117243946,0.033251524,-0.16236877,0.110581696,-0.16128287,0.037394375,-0.18583077,0.085929394,0.009781659,-0.018954635,-0.009781659,0.018954664,0.0786289,-0.049341112,0.07484144,-0.01421836,0.106506646,-0.039316148,0.11643994,-0.015579313,1
0.17463219,0.06936705,0.17550778,0.07174808,0.18349689,0.066290975,0.15701205,0.06329274,0.1798315,0.04930085,0.098331094,0.021309108,0.15063947,0.008360922,0.04378116,-0.048116952,0.14512146,-0.05582115,0.0029767454,0.004069686,0.17609918,-0.015349716,-0.013983548,0.007227093,0.0139835775,-0.007227063,-0.050908625,0.0168719,-0.018180758,0.011838764,-0.07404572,0.0066012144,-0.049536556,0.0063468814,1
0.1510694,0.058472097,0.14530253,0.062013686,0.15501994,0.055073738,0.10667527,0.05427718,0.13701904,0.041244626,0.028651178,0.024096727,0.11421049,0.010596961,-0.05314499,0.012640208,0.11610538,-0.018127114,-0.09594917,0.0840255,0.11675656,0.033361644,-0.022593707,0.0026264787,0.022593737,-0.0026265085,-0.0076095164,0.009054482,0.033649743,0.0079573095,-0.02544728,0.0005674064,-0.013774037,0.0027712882,1
-0.17233932,-0.06108415,-0.17695263,-0.06617743,-0.18006131,-0.07167956,-0.17688254,-0.05125317,-0.18022269,-0.0650374,-0.15388587,0.0153264105,-0.11729658,-0.065677464,-0.124406755,0.116285026,-0.05648324,-0.09256372,-0.10453579,0.08720356,-0.07210967,-0.08595696,-0.010561466,0.009991944,0.010561466,-0.009991914,0.077050984,-0.047219425,0.08880758,-0.08560297,0.12875724,0.0062096715,0.11997801,-0.026671797,1
-0.15466872,-0.075953126,-0.160682,-0.08231744,-0.16294438,-0.082356095,-0.1706475,-0.070020854,-0.17000547,-0.06916204,-0.15183806,-0.011709988,-0.10921392,-0.061000526,-0.12014064,0.061144978,-0.050365627,-0.08654836,-0.08335379,0.08684912,-0.04901308,-0.08877832,-0.013063699,0.0038905144,0.013063669,-0.0038905144,0.06543136,-0.071192175,0.0900808,-0.09654832,0.12798625,0.0086703,0.14131057,-0.015489936,1
-0.15012121,-0.08032039,-0.15252167,-0.08953768,-0.15617096,-0.09083241,-0.15840763,-0.082589835,-0.16302434,-0.08785689,-0.14225066,-0.02764526,-0.11389169,-0.07378715,-0.11014581,0.05731064,-0.052343428,-0.09585607,-0.0774129,0.10202545,-0.04408586,-0.09805521,-0.008793354,0.0014397502,0.008793354,-0.0014397204,0.07517213,-0.04358855,0.093262374,-0.06643948,0.14656657,-0.011734486,0.16511893,-0.036348224,1
-0.14770669,-0.07883865,-0.15595633,-0.088415146,-0.15953791,-0.07665938,-0.16440356,-0.081231445,-0.17204702,-0.050430804,-0.13536802,-0.055167973,-0.12948582,-0.017587334,-0.07828224,-0.06531629,-0.08033618,-0.007215947,-0.033235848,-0.09403345,-0.06946069,0.006827295,-0.0027878284,-0.016306847,0.0027878582,0.016306877,0.08746946,-0.091434866,0.101025224,-0.06911552,0.15732735,-0.009934127,0.1727894,0.0052776337,1
-0.13478103,-0.101658225,-0.13569197,-0.10561141,-0.13524419,-0.1135501,-0.15188771,-0.08943078,-0.13872212,-0.107580245,-0.15440029,-0.024949312,-0.0973213,-0.080510706,-0.1328679,0.06353265,-0.037008196,-0.09548846,-0.069734514,0.057504475,-0.020316362,-0.1057533,-0.017861903,0.0024337769,0.017861903,-0.0024338365,0.09468174,-0.062343687,0.11253703,-0.08135611,0.15356928,-0.017424703,0.1726762,-0.018438578,1
-0.1489698,-0.08866331,-0.1496211,-0.103039145,-0.16398618,-0.092668235,-0.1425173,-0.09781182,-0.18154857,-0.07123119,-0.11212054,-0.065214485,-0.16116887,-0.00843811,-0.064014494,-0.072277576,-0.14584309,0.058279395,-0.032325327,-0.07880804,-0.09569669,0.09559929,0.013656378,-0.022266686,-0.013656378,0.022266746,0.11027232,-0.07723719,0.093084425,-0.03439012,0.14588413,-0.023146868,0.16508594,0.011885464,1
-0.13209563,-0.09299636,-0.1381301,-0.09933415,-0.14035556,-0.094953924,-0.14880678,-0.084923,-0.15687874,-0.07356444,-0.12979308,-0.050194025,-0.12733823,-0.030454904,-0.06631261,-0.060064763,-0.07171446,-0.039264053,-0.038350314,-0.08144081,-0.04662192,-0.07935378,-0.0013783276,-0.013317227,0.0013783276,0.013317227,0.09941694,-0.089601725,0.10098711,-0.065892905,0.14927068,-0.02187419,0.16481552,0.002578199,1
-0.15005606,-0.08078784,-0.15411362,-0.090987325,-0.16015598,-0.08212304,-0.15234888,-0.081731886,-0.16716662,-0.06064421,-0.12449616,-0.04473874,-0.12599751,-0.024117768,-0.07129988,-0.05087012,-0.07656762,-0.0381245,-0.04939851,-0.07219252,-0.05566567,-0.07021853,0.00015860796,-0.012852788,-0.00015860796,0.012852728,0.09215617,-0.07205632,0.09454548,-0.049518377,0.1489141,-0.024369717,0.1594643,-0.0016607046,1
-0.14869967,-0.08244413,-0.15421697,-0.09399715,-0.1607945,-0.08712104,-0.15898556,-0.08675471,-0.17981192,-0.07023129,-0.13473657,-0.04434493,-0.13746741,-0.027303576,-0.0719094,-0.051707,-0.07520744,-0.047728777,-0.06422675,-0.09199533,-0.07457572,-0.09715095,0.0001180768,-0.012012184,-0.000118047,0.012012184,0.08867711,-0.07956204,0.091468215,-0.059420735,0.14878488,-0.034825027,0.15927005,-0.014484823,1
-0.13528845,-0.092680246,-0.13883087,-0.10140535,-0.14740866,-0.09402329,-0.14118001,-0.08552411,-0.16629043,-0.06797239,-0.117694825,-0.051090717,-0.13041088,-0.025465429,-0.056063145,-0.07574338,-0.075594276,-0.053052664,-0.05780539,-0.12057918,-0.06753242,-0.120987535,0.004690081,-0.0143659115,-0.004690081,0.0143659115,0.10408589,-0.09030917,0.092495054,-0.057278216,0.1583046,-0.05052221,0.15582666,-0.014525056,1
-0.13066745,-0.09799671,-0.13459599,-0.10380724,-0.1403493,-0.099453,-0.14158764,-0.08340651,-0.15805137,-0.07320589,-0.12256542,-0.04690832,-0.12510148,-0.031078756,-0.057192326,-0.072834074,-0.060272694,-0.063994706,-0.043503016,-0.1343675,-0.049191624,-0.14256772,0.0011379719,-0.012585878,-0.0011379421,0.012585878,0.10992718,-0.10439092,0.102270186,-0.08175379,0.17301905,-0.05951643,0.17717588,-0.03296727,1
-0.12512416,-0.10652882,-0.13045195,-0.1119847,-0.13481268,-0.10891345,-0.1432918,-0.09101194,-0.15614066,-0.083310604,-0.1302985,-0.0505082,-0.1226992,-0.040818393,-0.065737635,-0.07692468,-0.053694874,-0.079948604,-0.039631784,-0.15224046,-0.045937955,-0.16385302,-0.002403587,-0.01152128,0.002403587,0.011521339,0.10790649,-0.11531243,0.10762736,-0.09778154,0.17334333,-0.06895357,0.18368533,-0.048430443,1
-0.14907324,-0.094163656,-0.15368745,-0.101266384,-0.16061527,-0.09467679,-0.15634456,-0.08101469,-0.1731677,-0.06562197,-0.1296122,-0.045022488,-0.1271652,-0.032725573,-0.0649448,-0.08299947,-0.053782046,-0.08294237,-0.04787141,-0.16344783,-0.051998764,-0.16937754,-0.00030246377,-0.010499537,0.00030243397,0.010499597,0.10073173,-0.10794428,0.09804231,-0.10002631,0.16901153,-0.07140988,0.17882812,-0.067349255,1
-0.12602714,-0.10660422,-0.13263202,-0.11590326,-0.13902599,-0.10706663,-0.14234495,-0.100628376,-0.16002384,-0.07963604,-0.12047607,-0.05814755,-0.122887194,-0.041975617,-0.062436074,-0.075862765,-0.056514263,-0.07574093,-0.03618753,-0.1639081,-0.040383697,-0.17387047,0.000721097,-0.0119662285,-0.000721097,0.0119662285,0.091115534,-0.12165415,0.09458959,-0.10796666,0.16554177,-0.10560793,0.17903823,-0.09946883,1
-0.13347653,-0.08389908,-0.13964921,-0.09413451,-0.14820382,-0.083942294,-0.14325452,-0.08073068,-0.17134157,-0.056108773,-0.122899204,-0.036433578,-0.12978491,-0.016296148,-0.0709233,-0.06319076,-0.061813116,-0.058558345,-0.052131295,-0.14065754,-0.050635517,-0.13668814,0.0020628273,-0.012693465,-0.0020627975,0.012693465,0.07622039,-0.14818484,0.077727914,-0.12155944,0.13735706,-0.1307241,0.14781272,-0.1056574,1
-0.14515284,-0.05974108,-0.15412423,-0.06658465,-0.15904692,-0.053913176,-0.15871194,-0.05237466,-0.17585036,-0.021683931,-0.12878388,-0.021603703,-0.12832388,0.006549418,-0.077467024,-0.044006526,-0.058527946,-0.028434575,-0.070960015,-0.11942661,-0.05747679,-0.11992088,2.4050474e-05,-0.012966931,-2.4020672e-05,0.012966931,0.056165427,-0.129987,0.06509614,-0.1018371,0.11624426,-0.096477985,0.1312378,-0.07102275,1
-0.14625919,-0.038861692,-0.15579575,-0.048823416,-0.16262138,-0.030724466,-0.15815192,-0.042060792,-0.17624572,0.0030834675,-0.11805913,-0.02577275,-0.13306797,0.029343307,-0.06538254,-0.043881834,-0.07767078,0.017847896,-0.08368388,-0.107449114,-0.07035744,-0.10229844,0.0038658977,-0.018191814,-0.0038659275,0.018191755,0.06905633,-0.11591768,0.076089084,-0.077518106,0.12507075,-0.09656179,0.13841653,-0.07175362,1
-0.15588126,-0.027246833,-0.16299215,-0.03549701,-0.17141297,-0.017754853,-0.15775734,-0.026404858,-0.18137568,0.016148746,-0.117890716,-0.014061272,-0.1286582,0.03633082,-0.07180962,-0.032636166,-0.06870398,0.02330476,-0.08894119,-0.09239185,-0.076428026,-0.08222979,0.004196137,-0.016196787,-0.004196137,0.016196787,0.05673778,-0.10140878,0.05997333,-0.06656492,0.108359784,-0.08601415,0.1246694,-0.058048487,1
-0.1600923,-0.035224557,-0.17066807,-0.03876251,-0.17422587,-0.02288282,-0.17446047,-0.019920886,-0.18708837,0.019217968,-0.13075915,-0.009117961,-0.13815749,0.042422175,-0.07242522,-0.035257995,-0.08157909,0.02214551,-0.10238001,-0.09983778,-0.10153982,-0.098255515,0.0030085444,-0.0166502,-0.0030085742,0.01665026,0.058047295,-0.11409962,0.05995494,-0.07592529,0.10535449,-0.110318184,0.11926204,-0.078852296,1
-0.17231137,0.004997432,-0.18483639,-0.0052907467,-0.18849489,0.019414067,-0.18719673,-0.0034862757,-0.20164844,0.055971563,-0.13628212,-0.017641783,-0.1460714,0.07974523,-0.074894994,-0.059790134,-0.08737576,0.08165097,-0.12758207,-0.089096606,-0.116209745,-0.057216883,0.0035902858,-0.024832845,-0.003590256,0.024832845,0.038200796,-0.1004906,0.041000217,-0.04334432,0.08801967,-0.07843232,0.10231966,-0.03967619,1
-0.16270182,-0.00801301,-0.17533493,-0.019281149,-0.18009281,0.0037035346,-0.17912719,-0.017255545,-0.19583246,0.040084362,-0.130718,-0.025802791,-0.1427502,0.07423252,-0.07156822,-0.081753194,-0.078210115,0.078018665,-0.12420511,-0.111537576,-0.11253554,-0.047097623,0.0034627914,-0.02482605,-0.0034627616,0.02482605,0.055131137,-0.12496695,0.05660802,-0.078255594,0.0948568,-0.09299123,0.11207324,-0.06984174,1
-0.16157764,-0.0009125471,-0.16885263,-0.014730394,-0.17924538,0.0026014447,-0.16538203,-0.011188507,-0.19436614,0.033541083,-0.12832442,-0.0071752667,-0.13641587,0.07382858,-0.08116928,-0.07016075,-0.06578323,0.083355665,-0.08996078,-0.11618614,-0.083926946,-0.012786746,0.0023956,-0.020339012,-0.0023956,0.020339072,0.056296527,-0.104798615,0.055880904,-0.08307481,0.0966976,-0.13522491,0.11464921,-0.14304665,1
-0.18084818,0.006760001,-0.18781295,-0.0041125417,-0.195463,0.008430183,-0.18561488,0.00021404028,-0.20753479,0.033343256,-0.14268696,-0.0024145246,-0.14925435,0.06558132,-0.1033794,-0.033563912,-0.088603556,0.10270083,-0.116169155,-0.10173303,-0.11844814,0.00020736456,0.003160417,-0.016329229,-0.0031603873,0.016329229,0.029011846,-0.061552346,0.023613572,-0.051326156,0.058743656,-0.14022592,0.070545256,-0.1601966,1
-0.17962748,0.030387282,-0.18886629,0.020646274,-0.19363418,0.03530854,-0.18845162,0.02287352,-0.2057994,0.061796725,-0.14017627,0.010897219,-0.14990026,0.09518355,-0.09090352,-0.047154725,-0.090886265,0.11860192,-0.13175973,-0.0871951,-0.13157144,0.03544092,0.0036934316,-0.019573808,-0.0036934018,0.019573748,0.043260276,-0.07773656,0.03366351,-0.055249035,0.066853344,-0.13923648,0.07496899,-0.1437889,1
-0.16352609,0.02205062,-0.17209661,0.011356771,-0.17817485,0.030345023,-0.1707694,0.012760878,-0.19100857,0.061308444,-0.12621659,-0.007970214,-0.1429672,0.098905504,-0.08095074,-0.08484858,-0.080261976,0.12836462,-0.12533692,-0.10575694,-0.11848241,0.064789355,0.0053735375,-0.02523619,-0.0053735077,0.02523613,0.056283474,-0.119656146,0.047883242,-0.083292425,0.09647167,-0.12754104,0.11255157,-0.11728966,1
-0.17138627,0.008210421,-0.17925754,-0.0014900565,-0.18384615,0.016082108,-0.17731172,-0.0012587905,-0.19294265,0.043298483,-0.13137281,-0.024335086,-0.14361393,0.084518254,-0.08057815,-0.09459168,-0.07872173,0.12635243,-0.13458106,-0.11820078,-0.12736475,0.06402397,0.004470855,-0.025433898,-0.004470855,0.025433898,0.054114968,-0.11049104,0.04196474,-0.07127553,0.094991,-0.1285268,0.110741526,-0.11011034,1
-0.1728715,0.040587664,-0.17945737,0.033130467,-0.18367928,0.04629469,-0.17716688,0.030477464,-0.19373998,0.06502074,-0.1358141,0.0009551048,-0.14899763,0.09308791,-0.093597084,-0.07691592,-0.09698874,0.12034726,-0.14651483,-0.09579271,-0.13041848,0.108077526,0.005044222,-0.023073256,-0.005044222,0.023073256,0.056066424,-0.069892704,0.041983753,-0.031877995,0.09694281,-0.12445393,0.10632494,-0.10155487,1
-0.1750718,0.028037727,-0.18178341,0.020435035,-0.185489,0.032714367,-0.1779029,0.019721508,-0.19202206,0.052274525,-0.13321096,-0.0009428263,-0.14278373,0.07702708,-0.086752474,-0.084085226,-0.09058961,0.08768803,-0.140371,-0.11098927,-0.1244387,0.10508877,0.00390777,-0.019312382,-0.00390777,0.019312382,0.050988525,-0.0689854,0.039996862,-0.042695522,0.09620252,-0.12795702,0.103481025,-0.118201315,1
-0.17601556,0.02878064,-0.18237647,0.020751894,-0.18663928,0.03906226,-0.17522624,0.019605637,-0.19012436,0.065099,-0.13436812,-0.011624873,-0.14000064,0.09279531,-0.0907591,-0.09326154,-0.0942882,0.124667466,-0.14230576,-0.11166775,-0.10594687,0.14169848,0.0035507977,-0.027582109,-0.0035507977,0.02758205,0.049473673,-0.087034404,0.04303366,-0.021404684,0.101872295,-0.14188382,0.11228809,-0.08434194,1
-0.17650762,0.032886326,-0.18555465,0.023477435,-0.18832973,0.047272205,-0.18160447,0.019464314,-0.19238243,0.07725352,-0.14237124,-0.016385138,-0.13969651,0.101799905,-0.09895295,-0.09515995,-0.09636405,0.13814402,-0.14238265,-0.101314545,-0.08841434,0.17371666,0.00081682205,-0.03293538,-0.00081682205,0.03293538,0.04415369,-0.11605847,0.050541848,-0.023676634,0.10524914,-0.1504736,0.12052831,-0.06046611,1
-0.17783976,0.021282434,-0.18445033,0.012073815,-0.18865961,0.035093606,-0.17792416,0.010098755,-0.1919958,0.064823925,-0.1417805,-0.028693318,-0.13890529,0.098603845,-0.0964846,-0.11270183,-0.08206308,0.14297771,-0.14262402,-0.1184265,-0.08428103,0.14469153,0.0013695359,-0.03436774,-0.0013695657,0.03436774,0.041703224,-0.13883981,0.039403886,-0.04112017,0.10387075,-0.16385365,0.118171155,-0.064214885,1
-0.18112695,0.032094657,-0.18902978,0.024406314,-0.19219974,0.047613204,-0.18223733,0.024341762,-0.1932714,0.08001518,-0.13879922,-0.0136041045,-0.1441328,0.10238314,-0.10001159,-0.09785789,-0.10342196,0.13738298,-0.14532405,-0.10993987,-0.0941844,0.17682517,0.0036589801,-0.031894624,-0.0036589503,0.031894624,0.043741763,-0.11371994,0.04140979,-0.028693438,0.107334614,-0.14213067,0.11946893,-0.061261296,1
-0.17847604,0.0279392,-0.18439287,0.02070278,-0.18864968,0.04164791,-0.17753801,0.021104395,-0.19207275,0.07095277,-0.14031753,-0.018657088,-0.1434753,0.09868753,-0.09629893,-0.10938537,-0.09278181,0.13333178,-0.13955677,-0.11772156,-0.0857051,0.15980858,0.0031915903,-0.032395303,-0.0031915605,0.032395303,0.042539477,-0.124087274,0.03633666,-0.034423113,0.11083186,-0.14895186,0.12214154,-0.059346676,1
-0.17504382,0.022140026,-0.17880955,0.014674842,-0.18408018,0.033959985,-0.17008403,0.015212953,-0.18753806,0.060367703,-0.13975361,-0.02491051,-0.13855591,0.09277415,-0.091688305,-0.11795038,-0.08282381,0.12895781,-0.13473108,-0.1256795,-0.07617095,0.14730412,0.0024567842,-0.03320259,-0.0024567842,0.03320265,0.044597715,-0.11794752,0.034731597,-0.016982555,0.11455056,-0.14977321,0.12063441,-0.039359093,1
-0.18318659,0.027141035,-0.18582389,0.017068148,-0.19180411,0.03638196,-0.17567834,0.011362851,-0.1963219,0.05590105,-0.1481961,-0.032897294,-0.1451258,0.09152746,-0.09446123,-0.11615026,-0.09175232,0.14329994,-0.14386138,-0.12792051,-0.08014929,0.15325725,0.0030869246,-0.035975397,-0.0030869246,0.035975397,0.04013291,-0.11574072,0.019925565,0.007784784,0.11041084,-0.16802007,0.09757289,-0.024863005,1
-0.18068159,0.026628911,-0.18484837,0.015727878,-0.19030088,0.036384225,-0.17753097,0.008067071,-0.196563,0.05631286,-0.15026304,-0.036013722,-0.14290693,0.0919376,-0.09456971,-0.11683583,-0.088929,0.14677972,-0.14229205,-0.12691385,-0.081038415,0.16794485,0.0015080273,-0.036827087,-0.0015080273,0.036827028,0.038345754,-0.12112367,0.02420935,0.0050159097,0.10774341,-0.16918531,0.0966396,-0.024586499,1
-0.18106493,0.030274093,-0.18444234,0.021331847,-0.19041842,0.03776568,-0.17693105,0.018501341,-0.19716701,0.057508826,-0.14619756,-0.019002438,-0.14803249,0.092535794,-0.09517026,-0.10574275,-0.09094748,0.13604474,-0.14599079,-0.12836319,-0.086654484,0.15625155,0.0031140745,-0.031499207,-0.0031140745,0.031499207,0.040044874,-0.106971204,0.029022127,-0.012958884,0.10228813,-0.16429427,0.11063272,-0.061878443,1
-0.18518004,0.023949385,-0.19270736,0.011384547,-0.19673029,0.037424862,-0.18831593,0.0035232902,-0.2019102,0.0638687,-0.15390837,-0.037554502,-0.14400035,0.09996188,-0.098997176,-0.11568427,-0.074245214,0.15194684,-0.14376193,-0.12887585,-0.048147976,0.10782504,0.000118255615,-0.037634134,-0.000118255615,0.037634194,0.031508863,-0.12396222,0.026538432,-0.008359969,0.10886741,-0.16065991,0.10698116,-0.04366088,1
-0.19410586,0.02950257,-0.20153475,0.015587091,-0.20509055,0.044192612,-0.1953904,0.0024331808,-0.2078476,0.067807555,-0.15713176,-0.04668778,-0.14976308,0.10152179,-0.10486233,-0.11989778,-0.09076151,0.16538626,-0.15257901,-0.12581444,-0.080265045,0.14240229,0.0011649728,-0.04005301,-0.0011650026,0.04005295,0.017231673,-0.13701388,0.007508576,-0.010361493,0.10431516,-0.16347465,0.0935483,-0.032443404,1
-0.18392605,0.03280449,-0.19189566,0.021739066,-0.19550931,0.048671186,-0.18765563,0.014918685,-0.20042565,0.077546895,-0.15328783,-0.031834006,-0.14403647,0.10599381,-0.10215074,-0.11025524,-0.09172866,0.15561616,-0.148184,-0.120284796,-0.086705625,0.15731245,0.00016754866,-0.038660407,-0.00016754866,0.038660407,0.031710356,-0.14866555,0.027257085,-0.022731364,0.11097139,-0.1658045,0.105605125,-0.02974981,1
-0.17953596,0.026469886,-0.18574649,0.016486466,-0.19081163,0.04040146,-0.17996073,0.014556706,-0.19619083,0.07027215,-0.14780062,-0.026170075,-0.14060044,0.10345042,-0.09364757,-0.11123282,-0.08051661,0.14681542,-0.14034641,-0.12880105,-0.07196072,0.146155,0.00061169267,-0.03637284,-0.00061166286,0.03637278,0.03649178,-0.15199485,0.030984282,-0.03516835,0.10883975,-0.17693835,0.11120349,-0.048992097,1
-0.17967242,0.021142244,-0.18758056,0.010301113,-0.19144472,0.03696817,-0.18418285,0.0050621033,-0.19703624,0.06725216,-0.1508584,-0.039156914,-0.14000922,0.099648654,-0.09835029,-0.1248281,-0.08244142,0.14406615,-0.14492771,-0.1351412,-0.08066735,0.12991202,-0.0005160272,-0.038001835,0.0005160272,0.038001776,0.029176265,-0.14971319,0.028022557,-0.030798674,0.107994825,-0.17086649,0.10999271,-0.04687357,1
-0.18528813,0.023437798,-0.19136745,0.0120052695,-0.19650307,0.03920865,-0.18379077,0.006589651,-0.1999248,0.0688293,-0.15152067,-0.039805055,-0.141417,0.09987438,-0.10043454,-0.12126297,-0.0876171,0.14773852,-0.14699918,-0.13284838,-0.07669929,0.1345759,0.0012274683,-0.039114,-0.0012274384,0.039114,0.028340816,-0.16107261,0.012352943,-0.027919233,0.10962057,-0.18584943,0.08988398,-0.038338065,1
-0.17615417,0.027939796,-0.18082604,0.018173754,-0.18686777,0.039205074,-0.17385623,0.014802337,-0.19311374,0.06467974,-0.14323717,-0.026807368,-0.14024255,0.09972668,-0.09021899,-0.116604924,-0.07980317,0.14251691,-0.13796341,-0.13147336,-0.07967612,0.14403123,0.00139153,-0.03491777,-0.00139153,0.03491777,0.040304214,-0.14197072,0.034453362,-0.035538852,0.108064204,-0.16903538,0.11741033,-0.0540753,1
-0.18441421,0.015155494,-0.18973595,-0.0010921359,-0.19636595,0.02483058,-0.17882836,-0.011269867,-0.19948262,0.049836755,-0.14002714,-0.041930377,-0.13554391,0.089179635,-0.08862516,-0.13050759,-0.07191467,0.13160354,-0.14124465,-0.13765424,-0.064813256,0.10726917,0.001337409,-0.0334993,-0.0013374388,0.0334993,0.022784263,-0.12467712,0.019656777,-0.028523088,0.104162514,-0.17652905,0.10754901,-0.08470172,1
-0.031703293,-0.20363978,-0.024542034,-0.21589722,-0.039603233,-0.2125711,-0.007845879,-0.21640235,-0.04522705,-0.20792171,0.021043539,-0.15944692,-0.0521729,-0.14682016,0.053326488,-0.083046645,-0.0645743,-0.0790979,0.05708301,-0.009873509,-0.051038623,-0.09673247,0.022437692,-0.002791077,-0.022437751,0.002791047,0.023077369,0.1135965,-0.011762798,0.11516929,0.024652958,0.22907674,0.009064198,0.21902198,0
-0.030381858,-0.20434305,-0.022901952,-0.21651216,-0.03829962,-0.21340558,-0.005881071,-0.21664663,-0.0440529,-0.2085619,0.022066474,-0.15979216,-0.05077833,-0.14609563,0.05344951,-0.08395001,-0.062505245,-0.07600251,0.0572989,-0.008372992,-0.0516212,-0.09169391,0.022204041,-0.0028284192,-0.022203982,0.0028283894,0.022202313,0.11522412,-0.010725379,0.11586499,0.022376776,0.2304483,0.01094228,0.21888816,0
-0.028174043,-0.20413867,-0.020881176,-0.21657923,-0.036153197,-0.2134174,-0.003683567,-0.21708517,-0.04156035,-0.20871153,0.025710583,-0.1580188,-0.048365235,-0.14656323,0.057555914,-0.07996848,-0.061461568,-0.076411635,0.058577538,-0.0059827566,-0.054071665,-0.08593762,0.022300303,-0.0018645227,-0.022300303,0.0018645227,0.020518899,0.11505702,-0.009891927,0.11170152,0.0188213,0.23093924,0.011045754,0.21505305,0
-0.02450341,-0.20596579,-0.016640663,-0.2173154,-0.03232664,-0.21466556,1.2278557e-05,-0.21627308,-0.038576484,-0.2091352,0.029133797,-0.15970182,-0.04691875,-0.14554784,0.057716012,-0.08432832,-0.056609392,-0.08071983,0.059976697,-0.007682532,-0.036305606,-0.098553896,0.023308933,-0.0027834177,-0.023308873,0.0027834177,0.021830082,0.116728365,-0.008092105,0.113416016,0.019076705,0.23099911,0.014177918,0.20882314,0
-0.023233116,-0.20699939,-0.015375853,-0.21807313,-0.030855834,-0.21560712,0.001003325,-0.21608752,-0.036978424,-0.20956998,0.029961467,-0.159006,-0.046353757,-0.14584771,0.058948457,-0.08310768,-0.05620998,-0.08113667,0.059099734,-0.0076767206,-0.03224629,-0.099386334,0.023323476,-0.0027049184,-0.023323476,0.0027049482,0.021598935,0.11660135,-0.006705761,0.11419147,0.017576754,0.23220587,0.015822947,0.21158832,0
-0.023700714,-0.20997599,-0.015650392,-0.22096077,-0.031083584,-0.21892218,0.0012444258,-0.21914814,-0.036715627,-0.2137482,0.029659986,-0.16070795,-0.046123028,-0.14996246,0.056061506,-0.08170983,-0.057982504,-0.08238307,0.05888146,-0.0023364127,-0.03609234,-0.0891366,0.023187518,-0.0020459592,-0.023187578,0.0020459592,0.01826942,0.11605704,-0.01099968,0.11152977,0.0140885115,0.22933191,0.009485722,0.20679778,0
-0.023128688,-0.21197268,-0.014819741,-0.22260974,-0.030373394,-0.22098906,0.002087593,-0.21962164,-0.03615129,-0.21562032,0.029890299,-0.1597906,-0.047240257,-0.15134639,0.055680096,-0.07829365,-0.060708046,-0.082434565,0.057928085,0.0016690791,-0.03307855,-0.08683166,0.023509026,-0.0018338859,-0.023508966,0.0018338561,0.016417325,0.117807984,-0.012033582,0.11432201,0.009987116,0.2333405,0.00904125,0.21340925,0
-0.022447169,-0.21343206,-0.014053583,-0.2241957,-0.029760003,-0.22264375,0.0032032728,-0.22157724,-0.035496593,-0.2175964,0.03053242,-0.1604799,-0.045285344,-0.15322661,0.056030452,-0.07738444,-0.057808936,-0.08284676,0.058255553,0.0025413334,-0.03515923,-0.07811704,0.023184955,-0.0013586581,-0.023185015,0.0013586581,0.016947627,0.117378026,-0.011696637,0.11238757,0.011731684,0.23181316,0.008041024,0.2113631,0
-0.02270025,-0.21555836,-0.014078319,-0.22638841,-0.02955699,-0.22498731,0.0040498376,-0.22468051,-0.034193695,-0.22089534,0.03125453,-0.16327146,-0.043553054,-0.15519035,0.05628699,-0.07978475,-0.05788946,-0.07990751,0.057857037,0.00057414174,-0.041935742,-0.063454926,0.02257818,-0.0012965202,-0.02257824,0.00129655,0.015092373,0.11817014,-0.010199189,0.11335045,0.009229898,0.23246825,0.009597421,0.21428502,0
-0.020789027,-0.2185441,-0.011855602,-0.22924775,-0.027974129,-0.22828302,0.006445825,-0.22701636,-0.033520162,-0.22434793,0.03215456,-0.16344836,-0.04298085,-0.15868443,0.056037426,-0.07927787,-0.05862093,-0.08253574,0.05778706,0.0020419955,-0.046358168,-0.04625544,0.022609234,-0.0005592704,-0.022609174,0.0005592704,0.014556348,0.12032911,-0.009934306,0.11364612,0.009185851,0.23285386,0.009419262,0.2144393,0
-0.018508434,-0.22187622,-0.009482205,-0.23231946,-0.025175571,-0.23176886,0.009615898,-0.22910719,-0.029426515,-0.2273613,0.035374403,-0.16282302,-0.03877735,-0.16186628,0.059431434,-0.076211214,-0.05557114,-0.0845454,0.060384274,0.002681911,-0.049056947,-0.033489436,0.022429824,0.0006107688,-0.022429883,-0.0006107986,0.017085433,0.12256795,-0.008815289,0.1118958,0.013904214,0.23446536,0.00866586,0.21309698,0
-0.017649114,-0.22188903,-0.008195221,-0.2322823,-0.024575472,-0.23201185,0.011175036,-0.22924387,-0.02978307,-0.22830679,0.036062896,-0.16341293,-0.03922254,-0.16328335,0.059195638,-0.077765286,-0.054700613,-0.08514956,0.05964029,0.002256602,-0.050913572,-0.025194466,0.022928178,0.00096839666,-0.022928178,-0.00096839666,0.016406834,0.12537518,-0.011338592,0.11263415,0.014316499,0.23738745,0.008182466,0.21465185,0
-0.014539719,-0.22514778,-0.0052506924,-0.23507038,-0.021300435,-0.23506178,0.012615681,-0.23143244,-0.027309418,-0.23119949,0.037017405,-0.16638458,-0.038912773,-0.16500849,0.06068927,-0.083818436,-0.054038286,-0.08561605,0.060576856,-0.0016477108,-0.052452385,-0.019510746,0.02316761,0.0007945299,-0.02316767,-0.0007945299,0.016379356,0.12619415,-0.013133526,0.11323789,0.015429974,0.23591551,0.0075945854,0.21323362,0
-0.01289618,-0.22845791,-0.003440261,-0.23827879,-0.019284844,-0.23825008,0.015699506,-0.23621438,-0.024520695,-0.23527408,0.04030937,-0.17089847,-0.037334323,-0.16913658,0.06525779,-0.08665189,-0.053250134,-0.087768376,0.06339717,-0.005312711,-0.054545164,-0.018101305,0.0234496,0.0011099279,-0.02344954,-0.0011099279,0.017826617,0.12500852,-0.015454352,0.111791015,0.020539403,0.23313808,0.007814288,0.21216899,0
-0.010804534,-0.23564656,-0.0010998845,-0.24547213,-0.017846763,-0.24551249,0.016824126,-0.24165946,-0.024920583,-0.24085064,0.04091674,-0.17430884,-0.038719,-0.17110345,0.066293,-0.09224442,-0.053883076,-0.089945495,0.06337088,-0.010609925,-0.058450103,-0.020221084,0.024207473,0.0008471012,-0.024207532,-0.000847131,0.017963111,0.12464827,-0.01944983,0.11194068,0.022013783,0.23191828,0.0047163963,0.21186227,0
-0.009399056,-0.23626883,6.92606e-05,-0.24666682,-0.016446948,-0.24615325,0.018162549,-0.24471663,-0.022923589,-0.24244118,0.043872952,-0.17736274,-0.037120223,-0.17260417,0.067616045,-0.09158516,-0.054077804,-0.08672747,0.060980916,-0.009519935,-0.06421852,-0.013815224,0.024789214,0.0009523034,-0.024789274,-0.0009523034,0.018939853,0.12304431,-0.02310288,0.108962595,0.023243546,0.22700042,-0.0008558035,0.20587093,0
-0.008709073,-0.23869321,0.0008352995,-0.24903685,-0.016601443,-0.2487834,0.01777792,-0.24554555,-0.025102615,-0.24381097,0.042746663,-0.1766946,-0.038850307,-0.17220974,0.06800568,-0.09249613,-0.054029703,-0.08629909,0.064870596,-0.0115939975,-0.06633508,-0.014023364,0.025078654,0.0011445582,-0.025078654,-0.0011445582,0.017769992,0.124258846,-0.02603972,0.10805008,0.021348119,0.22973236,-0.0043926835,0.20541456,0
-0.00805968,-0.23853941,0.0013329983,-0.24872223,-0.01555413,-0.24887213,0.018275023,-0.2458771,-0.02326858,-0.24514136,0.042892396,-0.17729723,-0.037192762,-0.17530507,0.06773543,-0.09195933,-0.054213703,-0.08955723,0.06680131,-0.01509124,-0.06730509,-0.018163472,0.024751186,0.0017248094,-0.024751186,-0.0017247796,0.017848492,0.12477994,-0.027474165,0.10732943,0.020125866,0.23157454,-0.009802818,0.20667106,0
-0.0054908395,-0.24174088,0.004024446,-0.2522459,-0.013707399,-0.25190312,0.02047056,-0.24831551,-0.022976458,-0.24646789,0.044235945,-0.17810795,-0.03705299,-0.1742321,0.06887674,-0.09183341,-0.053404868,-0.087969005,0.06625098,-0.009438723,-0.06645638,-0.015405029,0.025282681,0.0011152923,-0.025282621,-0.0011153221,0.020124376,0.12487733,-0.027475119,0.11124188,0.020552874,0.23377049,-0.012206435,0.21509284,0
-0.0052725673,-0.24249043,0.0043500066,-0.2530491,-0.013467491,-0.25276354,0.020512402,-0.24921931,-0.02308178,-0.2476023,0.044270873,-0.17934504,-0.0374403,-0.17450964,0.07102519,-0.09420699,-0.053719997,-0.08825609,0.06871688,-0.012168229,-0.068127275,-0.016774178,0.025420368,0.0008274317,-0.025420368,-0.0008274615,0.019716144,0.12466663,-0.029472768,0.11374068,0.01967758,0.23316061,-0.015428007,0.21911007,0
-0.0070152283,-0.24321893,0.0026792884,-0.25386015,-0.0149204135,-0.2535373,0.01955223,-0.25012723,-0.023553908,-0.24860105,0.042861283,-0.18006977,-0.03643608,-0.17614207,0.070783675,-0.094997525,-0.053382814,-0.09211984,0.0706653,-0.016584486,-0.068502605,-0.022064388,0.024793684,0.0007454157,-0.024793684,-0.0007453859,0.018477976,0.12508136,-0.031370044,0.11839467,0.018748343,0.23343444,-0.02167815,0.22650778,0
-0.0065110326,-0.24377505,0.002965629,-0.2542835,-0.014463782,-0.25380957,0.018902779,-0.25026792,-0.023633778,-0.24840873,0.042373836,-0.18103805,-0.036202848,-0.17576018,0.07291263,-0.097230375,-0.05221045,-0.093586,0.07079238,-0.01724106,-0.0681833,-0.027175039,0.024671197,0.0004040599,-0.024671197,-0.0004040897,0.018218935,0.12586421,-0.03289348,0.12214488,0.018273056,0.23706377,-0.02496922,0.23424923,0
-0.010920405,-0.24357599,-0.0010483265,-0.25410706,-0.01856339,-0.25384772,0.016749918,-0.24957685,-0.026267648,-0.24810752,0.041205406,-0.17961359,-0.036959708,-0.17497748,0.07256484,-0.095202595,-0.052590013,-0.09216112,0.07108843,-0.0176346,-0.068118215,-0.026127338,0.024563074,0.0006198883,-0.024563134,-0.0006198585,0.018504322,0.12734711,-0.03246832,0.123200536,0.017806172,0.24084371,-0.025427818,0.23772871,0
-0.012517333,-0.2439734,-0.0022586584,-0.2542152,-0.019586623,-0.2543799,0.016276717,-0.2495895,-0.02657801,-0.24929774,0.040260077,-0.18055916,-0.037480056,-0.17590532,0.071398556,-0.09565893,-0.053011417,-0.092313975,0.07094246,-0.016555786,-0.06759697,-0.028107643,0.024592519,0.00043016672,-0.024592578,-0.00043016672,0.019414604,0.12875858,-0.03379512,0.12681255,0.01837027,0.2421647,-0.027709961,0.24315438,0
-0.012716413,-0.24494174,-0.0025306344,-0.25550008,-0.020283043,-0.2553494,0.015943944,-0.25104028,-0.027915776,-0.25010628,0.04022938,-0.18071172,-0.038674355,-0.17688933,0.07193214,-0.09192249,-0.054470062,-0.091270715,0.07306725,-0.014279455,-0.06780833,-0.02609405,0.025006771,0.0004183054,-0.025006771,-0.0004183352,0.02084136,0.1282301,-0.03311193,0.12713987,0.018514276,0.2420919,-0.028495133,0.2452529,0
-0.015959322,-0.24390747,-0.00601542,-0.2554345,-0.023852587,-0.2545132,0.013127208,-0.24956582,-0.03027445,-0.24732743,0.03888309,-0.17846364,-0.039471805,-0.17556956,0.073049426,-0.08791867,-0.054882467,-0.08955106,0.07153368,-0.0073434412,-0.06961405,-0.025247961,0.025179386,0.0005134344,-0.025179386,-0.0005134642,0.019035399,0.12936032,-0.033049703,0.13212931,0.015886962,0.24526846,-0.027203083,0.25440556,0
-0.016914725,-0.24535778,-0.0070840716,-0.25720337,-0.025366008,-0.2558888,0.011470437,-0.25210488,-0.03278929,-0.24881145,0.037582874,-0.18086839,-0.04125893,-0.17672706,0.07272893,-0.08902633,-0.05570209,-0.09057611,0.06959993,-0.004339069,-0.06957924,-0.024582952,0.02535683,9.307265e-05,-0.025356889,-9.307265e-05,0.019716859,0.12897548,-0.032363594,0.13423994,0.015679479,0.24583432,-0.027700543,0.25852433,0
-0.016213596,-0.24793306,-0.0063289404,-0.25959033,-0.024940848,-0.25849968,0.011900127,-0.2533664,-0.03310418,-0.25039923,0.038032293,-0.18091744,-0.04238993,-0.17706451,0.07291144,-0.08935946,-0.057148814,-0.09052187,0.0719589,-0.0024487972,-0.06912112,-0.02311188,0.025791109,0.00015816092,-0.025791109,-0.00015816092,0.021666288,0.13065249,-0.030745804,0.13411605,0.016135395,0.24940014,-0.026551247,0.2590317,0
-0.017130256,-0.2509171,-0.0071119666,-0.26230896,-0.025282562,-0.26150975,0.0111326575,-0.25611067,-0.033284605,-0.25422543,0.03702265,-0.1830109,-0.04238814,-0.1780195,0.06996536,-0.090907395,-0.05828452,-0.08925471,0.07094854,-0.0044466555,-0.06943077,-0.017337859,0.025238693,-0.00050249696,-0.025238693,0.00050249696,0.021095634,0.13030225,-0.029009283,0.13323385,0.0153025985,0.24880135,-0.024364412,0.2565195,0
-0.018188953,-0.2515149,-0.007973373,-0.26318815,-0.026365638,-0.2624177,0.010648489,-0.25738806,-0.034345686,-0.25561738,0.03559023,-0.1836597,-0.04348409,-0.17836154,0.067839324,-0.0914568,-0.059898257,-0.08808762,0.07130617,-0.009233326,-0.069236696,-0.017992616,0.025057197,-0.00090771914,-0.025057197,0.00090771914,0.021217704,0.1278992,-0.027234018,0.13280168,0.016389668,0.24561194,-0.021271288,0.2559583,0
-0.019788086,-0.25296533,-0.009057701,-0.26537222,-0.028254986,-0.26414615,0.011108816,-0.26001096,-0.03590095,-0.2571964,0.036053836,-0.18422946,-0.045275748,-0.18074489,0.070518434,-0.087336004,-0.060747385,-0.089631975,0.06989157,-0.0046167374,-0.069839776,-0.015462786,0.025894523,-0.00063055754,-0.025894523,0.00063055754,0.024003208,0.12905058,-0.027199805,0.1393539,0.023047626,0.2435768,-0.018713474,0.26572368,0
-0.019800603,-0.2519767,-0.009341538,-0.26377225,-0.028233767,-0.2626258,0.009868145,-0.25804204,-0.036364317,-0.2552238,0.034889698,-0.18432188,-0.04643172,-0.17930445,0.07057172,-0.0896022,-0.061641514,-0.08891302,0.070035875,-0.0017033815,-0.07047182,-0.013019562,0.02583903,-0.0010657609,-0.02583909,0.0010657609,0.02462089,0.13013297,-0.02578187,0.14130104,0.024151206,0.24400705,-0.01611346,0.26587808,0
-0.020270407,-0.25544167,-0.009753883,-0.2674939,-0.029073715,-0.26620665,0.008885205,-0.26163518,-0.03805536,-0.2585992,0.033581793,-0.18613964,-0.04824239,-0.18122053,0.07009202,-0.08842412,-0.062607825,-0.089122295,0.070173025,0.0004274547,-0.07105857,-0.011921197,0.0259493,-0.0012827218,-0.025949359,0.0012827218,0.024948895,0.12997389,-0.025627494,0.14170164,0.028127313,0.244632,-0.01298672,0.26675642,0
-0.018917441,-0.25844294,-0.008739352,-0.270789,-0.02856028,-0.26915002,0.0082832575,-0.26533753,-0.039557457,-0.26137763,0.032025576,-0.18969563,-0.050427556,-0.18309888,0.06805831,-0.09161401,-0.064822316,-0.0877071,0.06951797,-0.0032815337,-0.07483035,-0.004147291,0.026227593,-0.0019166768,-0.026227653,0.0019166768,0.026804864,0.13073555,-0.024867654,0.14363435,0.031694055,0.24707332,-0.012285352,0.2703397,0
-0.020603955,-0.26110542,-0.010024786,-0.2728849,-0.029442608,-0.27146718,0.007856131,-0.26884973,-0.039777875,-0.26579773,0.03056711,-0.19519249,-0.05060458,-0.18528923,0.06403023,-0.10093364,-0.066019535,-0.08984047,0.071437836,-0.011924893,-0.07546663,-0.006398052,0.025649786,-0.0031079352,-0.025649786,0.0031079352,0.030302525,0.12884402,-0.022345245,0.14458865,0.034687042,0.24035656,-0.012710094,0.26750362,0
-0.023039877,-0.26206127,-0.012508452,-0.27411908,-0.031981826,-0.27214718,0.005623102,-0.27072424,-0.0421198,-0.26650798,0.029676378,-0.19737521,-0.05266857,-0.18501365,0.06482071,-0.1023505,-0.0681681,-0.086871445,0.07200289,-0.012029409,-0.07733023,-0.0018878877,0.02597022,-0.0038359463,-0.02597022,0.0038359761,0.031553507,0.12948704,-0.021357656,0.14879555,0.034989953,0.23753333,-0.011833012,0.27027106,0
-0.023227394,-0.2628767,-0.013089597,-0.27539694,-0.032913983,-0.27284706,0.004388869,-0.2723425,-0.04447049,-0.26661956,0.029118419,-0.1985803,-0.054848015,-0.18535545,0.06422329,-0.10278377,-0.070382655,-0.08786732,0.070100725,-0.012063444,-0.07967234,-0.0045197606,0.026521087,-0.0040635765,-0.026521087,0.0040635765,0.032984495,0.13200673,-0.020165563,0.1507388,0.03782761,0.24126372,-0.009795964,0.2713383,0
-0.02496159,-0.2655602,-0.014832854,-0.27827233,-0.03472942,-0.27548546,0.002811253,-0.2750631,-0.046302974,-0.26871765,0.028802335,-0.20105717,-0.057597637,-0.18612024,0.06377697,-0.10608244,-0.07684481,-0.08660728,0.06828654,-0.015534103,-0.08819413,0.0006995499,0.027182817,-0.0044403374,-0.027182817,0.004440367,0.032660604,0.13032681,-0.02149421,0.14977825,0.037798643,0.24067706,-0.009886444,0.2712139,0
-0.025338888,-0.26736426,-0.015594006,-0.28033772,-0.035084486,-0.27684414,0.00244838,-0.27785617,-0.045591533,-0.26996136,0.030861676,-0.20268175,-0.05696988,-0.18920106,0.06791335,-0.10642886,-0.078697026,-0.09541893,0.070732534,-0.011164576,-0.090381145,-0.0045630634,0.027554512,-0.004248917,-0.027554452,0.004248917,0.037014246,0.12942198,-0.01781094,0.14949569,0.04186827,0.23639557,-0.007862031,0.26866624,0
-0.026485443,-0.26918656,-0.016474724,-0.2824815,-0.036579847,-0.27947903,0.0016782284,-0.28014168,-0.048046887,-0.27329892,0.02966392,-0.20288333,-0.059342384,-0.19114143,0.0653795,-0.10237005,-0.081064284,-0.094350874,0.06910801,-0.009900063,-0.09440178,-0.0066049993,0.02775085,-0.0038335621,-0.02775085,0.0038335323,0.03543073,0.13065886,-0.017642617,0.147753,0.0399065,0.23797786,-0.005573511,0.26574087,0
-0.025890052,-0.27186966,-0.015959859,-0.28553534,-0.03657317,-0.2819363,0.0025678277,-0.28216147,-0.048327565,-0.27394146,0.031399727,-0.20202547,-0.05931598,-0.19195986,0.06763291,-0.09869552,-0.083274126,-0.0980365,0.07256371,-0.0075396,-0.098074615,-0.0144067705,0.028178632,-0.003440559,-0.028178573,0.003440559,0.035917103,0.13460502,-0.015575349,0.14931461,0.041734338,0.24342635,-0.0020598173,0.26695582,0
-0.028724194,-0.2726664,-0.01860112,-0.28690326,-0.039409757,-0.28320932,0.0011773705,-0.28536165,-0.049948692,-0.27679253,0.03084588,-0.20510489,-0.05976796,-0.1957154,0.06376827,-0.09974408,-0.08435947,-0.10144612,0.070973516,-0.008128971,-0.09980178,-0.02334851,0.02809763,-0.003001392,-0.02809763,0.003001362,0.03500712,0.13823831,-0.01538825,0.14779371,0.04177189,0.25157714,-0.00022023916,0.26637894,0
-0.026929796,-0.2753011,-0.016611874,-0.28922945,-0.037793636,-0.28605434,0.0029402971,-0.2862196,-0.04909289,-0.2787043,0.031716764,-0.20530158,-0.06020558,-0.19648743,0.06305319,-0.10230982,-0.086898685,-0.102493644,0.0716548,-0.012297511,-0.10181266,-0.02846235,0.028392136,-0.002706647,-0.028392136,0.002706647,0.03403318,0.14310169,-0.014953017,0.14883643,0.039067924,0.2633776,0.0014800429,0.27126193,0
-0.027863503,-0.2768858,-0.01748836,-0.29060495,-0.0386014,-0.28782633,0.0023264885,-0.28691605,-0.0494861,-0.28030235,0.03156072,-0.20408988,-0.059859276,-0.19816771,0.06366509,-0.097751856,-0.08797687,-0.10433766,0.07353485,-0.008406401,-0.10689163,-0.029801399,0.028050601,-0.0018317997,-0.028050601,0.00183177,0.03129506,0.14683229,-0.015013337,0.14894575,0.035107553,0.2692644,0.0011387467,0.27279395,0
-0.024770975,-0.28025955,-0.014436722,-0.29358774,-0.03562969,-0.29152644,0.0046218634,-0.288723,-0.047531486,-0.2835546,0.032687545,-0.20502388,-0.059459925,-0.20021307,0.06430739,-0.10112679,-0.08892524,-0.10652247,0.07557237,-0.0134192705,-0.10734072,-0.032025665,0.028093338,-0.0015525818,-0.028093398,0.0015525818,0.031937778,0.14794639,-0.012358725,0.14811733,0.031068087,0.2744111,0.0017741323,0.2751285,0
-0.02463746,-0.28258547,-0.014228404,-0.29693085,-0.036449134,-0.29379782,0.0056117177,-0.29226527,-0.048913777,-0.2845006,0.034448504,-0.20618305,-0.059497833,-0.200571,0.0637784,-0.0988611,-0.09005159,-0.10796392,0.07316744,-0.0060229003,-0.108052194,-0.036367387,0.028563559,-0.001573503,-0.0285635,0.001573503,0.029530644,0.14936075,-0.012962401,0.14838144,0.029532194,0.28120223,0.0030281544,0.2781535,0
-0.020674467,-0.28271848,-0.010180593,-0.29699165,-0.032539785,-0.29423442,0.009308219,-0.2921394,-0.045595586,-0.28512937,0.037711203,-0.20564303,-0.05737424,-0.20105198,0.06584269,-0.09943658,-0.088351846,-0.1097644,0.07204878,-0.0043103695,-0.108278185,-0.037339956,0.028811157,-0.0009865463,-0.028811097,0.0009865761,0.029985309,0.15215635,-0.011870801,0.14738822,0.027625501,0.28784674,0.004410863,0.27996176,0
-0.019443989,-0.28281683,-0.008928239,-0.2965443,-0.03090614,-0.29466698,0.010044098,-0.29134655,-0.044171512,-0.28614923,0.03830266,-0.20631006,-0.05685669,-0.20204216,0.067204,-0.10277194,-0.08699,-0.10986385,0.07443833,-0.007887989,-0.10646731,-0.04038441,0.028748035,-0.0004707873,-0.028748035,0.00047075748,0.02711165,0.15645969,-0.013169944,0.1467945,0.023724675,0.29839236,0.0050162077,0.28170943,0
-0.019257426,-0.2842661,-0.008620679,-0.2977047,-0.030461133,-0.29637387,0.010436058,-0.29200095,-0.043571472,-0.2880528,0.03875637,-0.20552975,-0.057154894,-0.20350146,0.0657779,-0.09951526,-0.08918482,-0.11144367,0.06928766,0.0008634031,-0.10863477,-0.03727445,0.028791547,0.0001707375,-0.028791606,-0.0001707375,0.024235547,0.15532053,-0.014282763,0.14310646,0.019643486,0.30017233,0.0053092837,0.279876,0
-0.015890837,-0.28775394,-0.004933834,-0.30154794,-0.027304888,-0.3001241,0.014673054,-0.29556972,-0.040404618,-0.29144925,0.043326676,-0.20672363,-0.054530025,-0.20603266,0.07149583,-0.10034898,-0.08526796,-0.11448586,0.0754562,-0.001852721,-0.10419127,-0.03894654,0.02921319,0.00077822804,-0.02921319,-0.00077825785,0.023807347,0.1578458,-0.013104141,0.1419512,0.020608366,0.3023374,0.009763598,0.27687007,0
-0.012902021,-0.29098934,-0.0017424226,-0.3049495,-0.024709404,-0.30298716,0.018076777,-0.29845226,-0.037863374,-0.29342726,0.045208573,-0.20861739,-0.051805735,-0.20771119,0.07260573,-0.10093078,-0.08203524,-0.113937944,0.082188725,-0.0056462884,-0.09959683,-0.03899169,0.028939724,0.00050607324,-0.028939784,-0.00050607324,0.023653388,0.15855965,-0.011342764,0.14479592,0.018916726,0.301302,0.010616839,0.28042218,0
-0.012274742,-0.29491505,-0.0010955334,-0.3090605,-0.02407837,-0.30718312,0.018778265,-0.3028595,-0.037397146,-0.29783857,0.046605587,-0.21155167,-0.05210644,-0.21066302,0.073449135,-0.10210031,-0.08178645,-0.115428895,0.080507815,-0.0040227175,-0.09916183,-0.03731695,0.02939564,0.0007120371,-0.0293957,-0.0007120371,0.02207303,0.16069847,-0.013000965,0.14524347,0.019461155,0.30178148,0.011066437,0.27716607,0
-0.008925378,-0.30230397,0.002579987,-0.31683174,-0.021342278,-0.31460482,0.022990763,-0.30861777,-0.03502202,-0.3027463,0.052170992,-0.21310574,-0.050147533,-0.2131213,0.07867503,-0.10115546,-0.07810426,-0.11837846,0.0834682,-0.0007483363,-0.095594436,-0.04177025,0.030721664,0.0013984144,-0.030721664,-0.0013984442,0.024977386,0.16398573,-0.015070438,0.14378452,0.02295667,0.30627733,0.009690762,0.27509296,0
-0.010970533,-0.3061567,-6.198883e-06,-0.3207451,-0.022928298,-0.31811953,0.02091074,-0.3138104,-0.034567952,-0.30687895,0.05110222,-0.21776262,-0.049358845,-0.21785769,0.076336324,-0.10201907,-0.08049297,-0.11998862,0.08170426,-0.00014570355,-0.0933595,-0.039087206,0.03001535,0.0011850595,-0.03001535,-0.0011850595,0.024007082,0.16460934,-0.012501955,0.14707687,0.019059002,0.30984542,0.007371068,0.28188142,0
-0.009150326,-0.30701977,0.002268374,-0.32005858,-0.02034837,-0.31906188,0.02218461,-0.3108322,-0.03267175,-0.3078615,0.050022304,-0.21703863,-0.049661458,-0.21788582,0.0755223,-0.10555753,-0.078844786,-0.11963436,0.08318567,0.0014345348,-0.09102994,-0.036503524,0.029889822,0.0013189912,-0.029889822,-0.0013189912,0.023520947,0.16580337,-0.014680684,0.14741802,0.016751409,0.31215036,0.006301701,0.28374618,0
-0.00963527,-0.31346378,0.0022604465,-0.32638425,-0.020327568,-0.32621932,0.02284944,-0.31690425,-0.03198856,-0.31582832,0.0515126,-0.22199973,-0.05057013,-0.22383872,0.07534158,-0.10945094,-0.07893133,-0.1197328,0.08413792,-0.0020271838,-0.091373384,-0.027691603,0.030969739,0.0020894408,-0.030969739,-0.0020894408,0.023403704,0.1702911,-0.021868467,0.14491132,0.021353483,0.31497607,0.0018747449,0.27575484,0
-0.007580161,-0.31848866,0.0044866204,-0.3310342,-0.01822877,-0.3316493,0.024182796,-0.32072926,-0.031021357,-0.32155997,0.052311122,-0.22498113,-0.051667333,-0.22793339,0.07632083,-0.113488704,-0.0791561,-0.12375665,0.08443737,-0.0059776604,-0.08905357,-0.030865103,0.03162265,0.0023475885,-0.03162265,-0.0023475885,0.022888064,0.17141616,-0.025709808,0.14547354,0.019444942,0.31468755,-0.0026515126,0.27522963,0
-0.0065508485,-0.32542676,0.005716443,-0.33824885,-0.017361522,-0.33905062,0.025148273,-0.3284564,-0.030908704,-0.3297068,0.053514242,-0.23149776,-0.053004444,-0.23331596,0.07738757,-0.11797711,-0.079669476,-0.12392256,0.08525181,-0.011023134,-0.09042549,-0.026919812,0.032372177,0.0021057725,-0.032372177,-0.0021057725,0.022473097,0.16943559,-0.028705955,0.14484105,0.01827699,0.30743816,-0.005924344,0.27061465,0
-0.004629731,-0.32785255,0.007832646,-0.34040022,-0.0155848265,-0.34163627,0.027172089,-0.329265,-0.029703856,-0.3315489,0.055630386,-0.2313505,-0.053041458,-0.23460561,0.078256965,-0.11816743,-0.07959467,-0.12416953,0.08834767,-0.011624366,-0.08940679,-0.025442988,0.033248246,0.002839446,-0.033248186,-0.0028394759,0.020504951,0.17039877,-0.035483718,0.14052254,0.017000377,0.30742103,-0.01234448,0.26223326,0
-0.003538251,-0.333534,0.008928299,-0.3469388,-0.015151143,-0.3478412,0.027929246,-0.33667368,-0.030747294,-0.33809072,0.05809182,-0.23664376,-0.054252267,-0.2379818,0.083868206,-0.121185035,-0.077364564,-0.122829676,0.09133613,-0.012682766,-0.08764303,-0.018455446,0.034318864,0.0027097166,-0.034318864,-0.0027097166,0.02026105,0.1699056,-0.038224936,0.14064395,0.014618814,0.30523425,-0.015948594,0.26170832,0
-0.0026193857,-0.33692276,0.009934425,-0.35042298,-0.014413893,-0.3514042,0.028735757,-0.33986002,-0.030693531,-0.341488,0.05825931,-0.23913683,-0.054311633,-0.24050328,0.084056795,-0.121920854,-0.07634032,-0.123527974,0.09431219,-0.01292786,-0.08796966,-0.019150972,0.034626424,0.0026952624,-0.034626365,-0.0026952624,0.020533323,0.17153656,-0.04123944,0.14239419,0.01665008,0.3056665,-0.020012856,0.2620734,0
-0.0008123517,-0.3381973,0.0113194585,-0.35200757,-0.013081253,-0.35256875,0.029266477,-0.34175667,-0.030856788,-0.3423791,0.058690548,-0.24142256,-0.054216683,-0.24174456,0.087284625,-0.12600702,-0.076013505,-0.12673196,0.09687722,-0.013257384,-0.08757818,-0.01693511,0.034854293,0.0023407042,-0.034854233,-0.0023406744,0.021322966,0.17188746,-0.042190194,0.1465041,0.015611112,0.31022972,-0.025847554,0.27211016,0
-0.0001911521,-0.3394494,0.011931062,-0.35390666,-0.012794018,-0.35384881,0.029844165,-0.344464,-0.031106353,-0.34375334,0.058602214,-0.24376003,-0.0535475,-0.2423167,0.088510275,-0.12459734,-0.0746966,-0.12259871,0.09753615,-0.017320722,-0.08762002,-0.013492644,0.03480321,0.001652807,-0.03480327,-0.001652807,0.022024214,0.17190045,-0.042511404,0.1524632,0.016858995,0.310068,-0.028859556,0.2818631,0
0.0003208518,-0.33950645,0.012686849,-0.353734,-0.011555433,-0.35405192,0.030625403,-0.3447841,-0.028747141,-0.34531897,0.05818039,-0.24517825,-0.051740766,-0.2435874,0.091360986,-0.1267862,-0.07432771,-0.122603446,0.106839895,-0.017166644,-0.08799982,-0.012193501,0.03407073,0.0012263954,-0.03407073,-0.0012264252,0.023152351,0.17254537,-0.041629136,0.15762323,0.017036855,0.31480938,-0.030683517,0.2951758,0
-0.002533257,-0.34054202,0.010236859,-0.35545838,-0.014959812,-0.35488135,0.029666185,-0.3467182,-0.031609476,-0.34512013,0.05730486,-0.24695902,-0.051925004,-0.24288006,0.09147525,-0.13022718,-0.07564378,-0.1225799,0.10688096,-0.02658251,-0.08913338,-0.012866139,0.033910453,0.00031769276,-0.033910453,-0.00031769276,0.02280426,0.17214954,-0.041428447,0.16495138,0.015134633,0.31473207,-0.03471446,0.30739927,0
-0.0037739277,-0.34382957,0.0092378855,-0.3590327,-0.016437173,-0.35814947,0.029380322,-0.3503678,-0.032856464,-0.34796482,0.056765795,-0.25073868,-0.052411377,-0.2447262,0.09072024,-0.13614374,-0.0776242,-0.12478575,0.10658634,-0.032844722,-0.0899598,-0.015180647,0.033954978,-0.00039887428,-0.03395492,0.00039890409,0.023966908,0.17218554,-0.041177034,0.17007136,0.013649702,0.31745446,-0.038537145,0.3179124,0
-0.0013689995,-0.34562865,0.011483431,-0.36170545,-0.014657259,-0.36001182,0.031290174,-0.35423145,-0.031315744,-0.34959084,0.058881342,-0.25245324,-0.0505749,-0.24628194,0.097155094,-0.13209212,-0.07493013,-0.122365296,0.11178726,-0.030837476,-0.08692098,-0.014627963,0.034227133,-0.0005504489,-0.034227133,0.0005504787,0.026487827,0.16911769,-0.039560318,0.17378062,0.016278625,0.31779712,-0.039941132,0.33167654,0
-0.0034290552,-0.350202,0.0100317,-0.365668,-0.016012728,-0.36504218,0.0304811,-0.35697377,-0.031812966,-0.3547144,0.05808401,-0.25552613,-0.051490128,-0.24889353,0.097459674,-0.13857043,-0.074566424,-0.12365228,0.11189628,-0.038282096,-0.08723247,-0.01685524,0.03421724,-0.0005310178,-0.03421724,0.0005310178,0.02750671,0.17145982,-0.038927376,0.17527512,0.015934885,0.3220319,-0.038094997,0.3353416,0
-0.0039509535,-0.34822732,0.009487748,-0.3640023,-0.016585767,-0.3627907,0.03042996,-0.3561742,-0.0325042,-0.35264173,0.057923555,-0.2544641,-0.050546527,-0.24668251,0.101460755,-0.13775536,-0.07337034,-0.1223025,0.11653513,-0.030725121,-0.08441734,-0.016768873,0.034021497,-0.0008497238,-0.034021497,0.0008497238,0.029631793,0.1788258,-0.03423345,0.18594873,0.0182966,0.32889277,-0.03541231,0.34643203,0
-0.0049577355,-0.34943777,0.008608878,-0.36516163,-0.017593503,-0.36408845,0.029113412,-0.35726076,-0.034181416,-0.3543548,0.05570078,-0.25553924,-0.052012086,-0.2480988,0.10027695,-0.13666928,-0.074073136,-0.12395871,0.11560053,-0.0259583,-0.08636612,-0.01769346,0.033869505,-0.0011297762,-0.033869505,0.0011297762,0.029060781,0.17703962,-0.035398006,0.18756366,0.018442571,0.32924944,-0.036480427,0.3527559,0
-0.0061390996,-0.35057268,0.007222414,-0.36672676,-0.019165874,-0.36505666,0.02783978,-0.3595316,-0.035886645,-0.35492158,0.054122508,-0.25845072,-0.05264771,-0.24765694,0.098034024,-0.14158487,-0.07587761,-0.121812284,0.11511099,-0.029536963,-0.08889878,-0.014915109,0.033557177,-0.0021110773,-0.033557236,0.002111107,0.031201482,0.17578948,-0.03188348,0.19038016,0.018720984,0.33038813,-0.03617567,0.3588817,0
-0.0077117085,-0.35506633,0.00602144,-0.37097064,-0.020588517,-0.3698759,0.026621342,-0.36241114,-0.03757739,-0.359267,0.052485287,-0.25964767,-0.054607093,-0.24928202,0.097491264,-0.14030087,-0.07669902,-0.12135747,0.11442137,-0.0260953,-0.08903456,-0.014536589,0.033599377,-0.0023099184,-0.033599436,0.0023099184,0.03224492,0.17607683,-0.030791521,0.19268721,0.01897329,0.32966977,-0.034472466,0.3618577,0
-0.008432269,-0.35821667,0.0059553385,-0.3740322,-0.021205962,-0.37371516,0.026608527,-0.36491492,-0.039018035,-0.36390328,0.050968528,-0.2610775,-0.057067037,-0.252285,0.09687221,-0.13812777,-0.07902223,-0.12219414,0.11242443,-0.02441451,-0.09061903,-0.0142149925,0.033907056,-0.0025303662,-0.033906996,0.0025303662,0.034417927,0.1750536,-0.029016912,0.19550747,0.020488143,0.3255921,-0.031589687,0.36547387,0
-0.010090351,-0.36296842,0.0044146776,-0.3789434,-0.023106039,-0.37849075,0.024933934,-0.36944875,-0.04163176,-0.36834437,0.050503492,-0.26408738,-0.060097456,-0.25547093,0.09749013,-0.13667789,-0.081242025,-0.124241024,0.110554576,-0.017695934,-0.092411906,-0.01424697,0.034587026,-0.0026013255,-0.034586966,0.0026013255,0.033636153,0.18010482,-0.029423177,0.20090166,0.020727873,0.3270075,-0.028685749,0.36719552,0
-0.009611189,-0.36740744,0.0041817427,-0.38285324,-0.022822917,-0.3819882,0.022622883,-0.37151787,-0.043352187,-0.36966127,0.048344612,-0.2650625,-0.062956035,-0.25448173,0.09831154,-0.13568524,-0.083488226,-0.12303439,0.10779488,-0.012462318,-0.0948472,-0.013519436,0.034874022,-0.0035234988,-0.034874022,0.003523469,0.034899235,0.17887092,-0.029784024,0.2059992,0.022253156,0.32557654,-0.029206693,0.37500697,0
-0.011778414,-0.37395537,0.0027338266,-0.3899546,-0.025268257,-0.3885527,0.022759557,-0.3783988,-0.044992805,-0.37551266,0.04878521,-0.27095374,-0.063966274,-0.25915444,0.09714687,-0.14305845,-0.085259736,-0.12970847,0.10851997,-0.017013133,-0.09609491,-0.01913324,0.03533864,-0.003971666,-0.03533864,0.0039716363,0.03563428,0.1803028,-0.029554844,0.20854628,0.026107907,0.3246758,-0.025724411,0.37514096,0
-0.016031086,-0.3723841,-0.00036495924,-0.38847572,-0.02851361,-0.3865957,0.022518218,-0.37485054,-0.04572928,-0.3721893,0.048375547,-0.26735902,-0.0643298,-0.2553488,0.09565139,-0.1352432,-0.09279439,-0.12332773,0.10862917,-0.012028098,-0.10329181,-0.0145507455,0.035600662,-0.0046669245,-0.035600662,0.0046669245,0.031319797,0.18041706,-0.034323394,0.2120769,0.030507207,0.32654554,-0.02066952,0.38015163,0
-0.01567775,-0.3785261,0.00034958124,-0.39471865,-0.02803868,-0.39330766,0.02347517,-0.380647,-0.04509282,-0.37931865,0.049430728,-0.26991606,-0.06567931,-0.26032507,0.09481084,-0.13126662,-0.09570077,-0.12273297,0.10612106,-0.011880159,-0.10412094,-0.012511194,0.036362648,-0.0043179393,-0.036362648,0.0043179095,0.03366524,0.1827622,-0.033952534,0.21319002,0.032979608,0.32483435,-0.018923879,0.3781849,0
-0.019266605,-0.3825543,-0.00301373,-0.39944202,-0.03213519,-0.39718378,0.021120965,-0.38556743,-0.048980534,-0.3820271,0.047609746,-0.2754884,-0.06827998,-0.2602918,0.09054446,-0.14185736,-0.09874946,-0.12181246,0.1027112,-0.016111493,-0.10767415,-0.009565204,0.03666812,-0.0056549907,-0.036668062,0.005654961,0.0353477,0.18164486,-0.03368187,0.21572697,0.034297645,0.32413882,-0.019290328,0.3810413,0
-0.026212394,-0.38863963,-0.00971657,-0.40527853,-0.038828075,-0.40316275,0.015755296,-0.389397,-0.054099083,-0.386354,0.0451684,-0.27574897,-0.07274443,-0.26222706,0.08995408,-0.13680181,-0.10432151,-0.11994699,0.10121894,-0.01427424,-0.11024517,-0.004566103,0.037378192,-0.005494207,-0.03737825,0.005494237,0.037931502,0.18471068,-0.033956766,0.21903849,0.037132382,0.32197708,-0.01965189,0.3802122,0
-0.025434375,-0.39172608,-0.008585811,-0.40811425,-0.038184583,-0.40620202,0.01704508,-0.39097846,-0.053832293,-0.38837093,0.045146585,-0.27770603,-0.07311368,-0.2632745,0.08794254,-0.14260247,-0.10618481,-0.12374914,0.09922993,-0.01673153,-0.1137999,-0.0065131485,0.037686765,-0.00600937,-0.037686706,0.0060094,0.042710245,0.18413883,-0.03240037,0.22139984,0.040408015,0.3181352,-0.020651698,0.3815748,0
-0.0268991,-0.3929319,-0.010288894,-0.41066384,-0.04106611,-0.40756434,0.015556097,-0.3956089,-0.058038414,-0.3901223,0.044496953,-0.2820729,-0.07616097,-0.26633757,0.08512932,-0.14569578,-0.110259175,-0.1266183,0.09893775,-0.020449966,-0.11711687,-0.008543551,0.038552582,-0.0064998567,-0.038552582,0.0064998567,0.04572189,0.18734321,-0.030719519,0.22470412,0.043660462,0.31601802,-0.020430803,0.3781456,0
-0.026897967,-0.39726526,-0.009945571,-0.4146024,-0.04105717,-0.4126442,0.015407026,-0.3982612,-0.059047163,-0.39544678,0.043607295,-0.28341514,-0.07851535,-0.27065772,0.08594167,-0.14510274,-0.11349487,-0.13173375,0.10082984,-0.020136952,-0.1208078,-0.014727145,0.038972914,-0.006202191,-0.038972855,0.006202191,0.04933256,0.18412468,-0.028635085,0.22172084,0.044163108,0.30996427,-0.019685328,0.37379846,0
-0.023942113,-0.40675303,-0.009958625,-0.42642292,-0.041154206,-0.42130637,0.011853933,-0.41507572,-0.06253207,-0.40289766,0.043457866,-0.2934338,-0.07933146,-0.28024322,0.08660078,-0.14893737,-0.11250019,-0.14422348,0.096538424,-0.022265375,-0.12709308,-0.021411985,0.039438605,-0.005284995,-0.039438665,0.005284995,0.050586343,0.17953336,-0.025633752,0.21427923,0.046008706,0.30891865,-0.027721882,0.3676995,0
-0.023771584,-0.4104889,-0.009915173,-0.43045267,-0.041240335,-0.42549095,0.011554122,-0.41896424,-0.063391924,-0.4070651,0.043707788,-0.2948752,-0.08110753,-0.28294468,0.08685291,-0.14723307,-0.11510849,-0.14464104,0.09732592,-0.019634187,-0.13230246,-0.020171046,0.039927423,-0.0048323274,-0.039927423,0.0048323274,0.05043453,0.18586773,-0.02555871,0.21668851,0.04715973,0.3235144,-0.026236773,0.37622905,0
-0.023659408,-0.4105892,-0.010411382,-0.43139333,-0.041427672,-0.42622107,0.010835826,-0.42222244,-0.06383151,-0.4096849,0.044573307,-0.2966155,-0.08280581,-0.28720364,0.08721274,-0.14756364,-0.119641125,-0.14869583,0.09859866,-0.022813678,-0.13553378,-0.01941511,0.040445328,-0.0040129423,-0.040445387,0.0040129423,0.05086595,0.19303071,-0.024067223,0.21665388,0.05038953,0.3421231,-0.023116887,0.38257337,0
-0.02420479,-0.4026314,-0.009788811,-0.42224842,-0.040551186,-0.4188036,0.013712943,-0.41177502,-0.061269283,-0.403675,0.04603803,-0.2896551,-0.08056322,-0.28312048,0.08550131,-0.14376786,-0.12216568,-0.1465311,0.10140157,-0.012643337,-0.13948295,-0.01674056,0.040133595,-0.0030147135,-0.040133595,0.0030146837,0.050314426,0.2055201,-0.024529994,0.21693498,0.052424848,0.37103993,-0.015428126,0.39113355,0
-0.019114196,-0.41185662,-0.0057438016,-0.43137822,-0.03640765,-0.42776406,0.015517116,-0.41857016,-0.06027192,-0.4096031,0.04776734,-0.2929614,-0.08180657,-0.28645617,0.086458206,-0.14850268,-0.12450367,-0.15232706,0.10273576,-0.012012899,-0.14233881,-0.023584694,0.04108733,-0.0027781427,-0.04108727,0.0027781427,0.05346042,0.20943743,-0.022586465,0.21531832,0.05429876,0.38103288,-0.014346182,0.3893788,0
-0.021163642,-0.41291422,-0.0068746805,-0.43182266,-0.037629902,-0.42978746,0.015059173,-0.41759616,-0.060615122,-0.41244757,0.046790004,-0.29548034,-0.08381373,-0.28845364,0.081846,-0.15203184,-0.12843436,-0.14507255,0.10407627,-0.022566944,-0.14407507,-0.023935378,0.04176742,-0.002643913,-0.041767478,0.002643913,0.05254996,0.2160295,-0.028675437,0.2130495,0.056903005,0.3990825,-0.012839496,0.39081004,0
-0.020760834,-0.42054462,-0.00632447,-0.43953997,-0.0373587,-0.43786684,0.015576839,-0.4240288,-0.060845494,-0.4196404,0.047534585,-0.29855517,-0.08526865,-0.29304343,0.08038545,-0.15566409,-0.1315392,-0.14849111,0.10145563,-0.03004378,-0.1495704,-0.025188506,0.04265082,-0.0018129945,-0.04265076,0.0018129647,0.051380873,0.22145557,-0.03431505,0.21125716,0.060370326,0.4100262,-0.015288711,0.3903985,0
-0.019654155,-0.42618418,-0.0058094263,-0.44541565,-0.036350906,-0.44274974,0.015227437,-0.4296726,-0.05990839,-0.4227151,0.047837377,-0.30405718,-0.08450031,-0.2949167,0.080661535,-0.16420224,-0.13173264,-0.15210268,0.10226661,-0.0318214,-0.15078744,-0.027677655,0.042598486,-0.0024730265,-0.042598546,0.0024729967,0.050452054,0.22327262,-0.03556478,0.2134195,0.06529921,0.41761905,-0.013874412,0.39500922,0
-0.008781493,-0.4251264,0.0030687451,-0.44497058,-0.027413726,-0.44129607,0.01837796,-0.4285693,-0.057290554,-0.41908512,0.047665656,-0.29817182,-0.08635664,-0.29412013,0.082147956,-0.15932497,-0.13172507,-0.15812162,0.09934461,-0.027921617,-0.15154323,-0.022282451,0.043474138,-0.0013223588,-0.04347408,0.0013223588,0.05104065,0.22534242,-0.03308475,0.21587601,0.07083386,0.42510298,-0.015171409,0.40569243,0
-0.008805752,-0.4294861,0.00380224,-0.4502759,-0.028244317,-0.44582686,0.02111268,-0.43388999,-0.057748437,-0.42274413,0.051427007,-0.29972446,-0.08569461,-0.29789516,0.08514035,-0.15230536,-0.13167363,-0.16148823,0.100017965,-0.01891601,-0.15130866,-0.023072332,0.044345975,-0.0007683635,-0.044346035,0.0007683635,0.048182726,0.22827485,-0.03502059,0.21727732,0.07263094,0.42937055,-0.01228559,0.4074572,0
-0.0053381324,-0.43286115,0.0066226125,-0.45414487,-0.025714278,-0.4487579,0.023503542,-0.43704104,-0.055837333,-0.42342746,0.05365807,-0.29934686,-0.08318931,-0.29928055,0.0833655,-0.15157035,-0.13201466,-0.1668863,0.096838415,-0.020799577,-0.15362048,-0.023857981,0.044284403,-0.00012233853,-0.044284403,0.00012236834,0.046500266,0.23114234,-0.035254896,0.21715945,0.07061452,0.43208033,-0.016584992,0.40559965,0
-0.0047415495,-0.43640578,0.0071288943,-0.45780858,-0.02549845,-0.45215032,0.023588061,-0.44110015,-0.05643785,-0.42647475,0.054878235,-0.30570588,-0.08387679,-0.30060333,0.08486712,-0.1597091,-0.13069868,-0.16239104,0.09786928,-0.026899487,-0.15339366,-0.022834122,0.044927478,-0.0008518696,-0.04492742,0.0008518994,0.045277357,0.23286873,-0.037029564,0.22056788,0.06313217,0.43361908,-0.021635652,0.40886956,0
-0.0025529861,-0.44228557,0.009049416,-0.462956,-0.02138424,-0.45953447,0.025454044,-0.44727504,-0.05253625,-0.43774647,0.056083858,-0.31134093,-0.08133298,-0.3064853,0.0888533,-0.16697791,-0.12666956,-0.16447458,0.10508853,-0.023333281,-0.15258199,-0.022995532,0.044361055,-0.00027287006,-0.044361115,0.00027284026,0.048238635,0.23831773,-0.03948635,0.21791708,0.065232635,0.44343352,-0.025130153,0.40354294,0
0.0009673238,-0.44414,0.011762381,-0.46558648,-0.019599676,-0.46098912,0.027537942,-0.44887835,-0.05372274,-0.43625897,0.05782032,-0.3100239,-0.08134794,-0.3059378,0.08809984,-0.16163772,-0.12628204,-0.16490015,0.10626221,-0.01743725,-0.15010893,-0.023707002,0.0450719,-4.336238e-05,-0.0450719,4.336238e-05,0.046168804,0.24241519,-0.040558577,0.22136283,0.060490966,0.44880205,-0.031698883,0.40566772,0
0.004492879,-0.4474237,0.013735175,-0.46882665,-0.016351879,-0.46374324,0.026527464,-0.45199218,-0.05293697,-0.43796638,0.055923164,-0.3139891,-0.08175707,-0.30680695,0.08521122,-0.16616735,-0.1258617,-0.16245288,0.10595411,-0.014873475,-0.14942113,-0.017287344,0.044751823,-0.0007543266,-0.044751763,0.0007543266,0.04469043,0.24547327,-0.041781843,0.22743326,0.055003464,0.45189714,-0.040770054,0.4109829,0
0.0022289753,-0.4628165,0.014466524,-0.48149854,-0.017082095,-0.47999644,0.027992725,-0.45553648,-0.051511645,-0.4502018,0.05794835,-0.32101557,-0.08551955,-0.3116951,0.08445287,-0.17171833,-0.12806278,-0.15169778,0.11115813,-0.02266401,-0.13854167,-0.015278071,0.046886265,-0.0016026497,-0.046886325,0.0016026199,0.050101995,0.24178225,-0.051771045,0.22154766,0.05206704,0.45041424,-0.044614494,0.4069174,0
0.0024698377,-0.46690035,0.013279259,-0.48573592,-0.01710409,-0.4829043,0.026192963,-0.45951992,-0.05148387,-0.45136398,0.05793476,-0.3231514,-0.08491033,-0.31672898,0.08261174,-0.17291018,-0.12737629,-0.1626884,0.109746635,-0.025004297,-0.13610059,-0.015521973,0.046782076,-0.0009112358,-0.046782076,0.0009112358,0.043266654,0.24948019,-0.056194425,0.22925752,0.04531324,0.45105094,-0.05349809,0.40804625,0
0.008884847,-0.45971957,0.015476584,-0.47909695,-0.0108347535,-0.4755076,0.024239361,-0.45888314,-0.050290704,-0.44774187,0.05718112,-0.32143605,-0.08639419,-0.31890878,0.0895409,-0.16759339,-0.12404275,-0.16931537,0.115664124,-0.011983961,-0.1316629,-0.012293279,0.046696544,0.00016319752,-0.046696544,-0.00016316772,0.039150298,0.2579018,-0.053651273,0.2365607,0.038885474,0.45782912,-0.058681607,0.41080844,0
0.018397987,-0.45873982,0.024524987,-0.4782874,-0.00093883276,-0.47544488,0.02824521,-0.45914513,-0.04248357,-0.45131576,0.057540417,-0.32321244,-0.08531022,-0.32506418,0.088934004,-0.16909477,-0.12596944,-0.17216432,0.11528677,-0.019695908,-0.12762702,-0.010522246,0.046688974,0.0008201301,-0.046688974,-0.0008201301,0.037528813,0.2543641,-0.05329871,0.23556462,0.033916652,0.45328638,-0.06396198,0.41452035,0
0.014609218,-0.46014145,0.02276659,-0.47426492,-0.0048609376,-0.47426492,0.031311274,-0.46008962,-0.040768445,-0.4521661,0.06321019,-0.32173476,-0.07995099,-0.32600772,0.094350696,-0.16405502,-0.120443285,-0.16938987,0.12455422,-0.017264009,-0.119996905,-0.0030453503,0.046590388,0.001745969,-0.046590388,-0.0017459989,0.039019287,0.25888294,-0.048932135,0.2366072,0.031799197,0.4605087,-0.061160862,0.4203487,0
0.021973193,-0.47185898,0.030072808,-0.47984058,0.0011559725,-0.47984058,0.038034618,-0.472584,-0.04083836,-0.4676946,0.06737006,-0.3348431,-0.08563274,-0.3385123,0.097705364,-0.16843063,-0.11687356,-0.16716379,0.12948292,-0.01846379,-0.11216295,-0.0021602511,0.049948514,0.0009395778,-0.049948573,-0.000939548,0.045443356,0.25463486,-0.049121022,0.23842567,0.023039699,0.4616335,-0.06782758,0.43227422,0
0.022506714,-0.4659011,0.02974224,-0.47558618,0.0008251667,-0.47558618,0.03634429,-0.46825942,-0.043237507,-0.46001297,0.06334388,-0.33378232,-0.08602244,-0.33643505,0.097572386,-0.16904873,-0.121230125,-0.16936257,0.13076758,-0.026066065,-0.11430478,-0.0003092587,0.048787534,-0.00026097894,-0.048787594,0.00026097894,0.03659928,0.25204784,-0.0488261,0.24989253,0.011866927,0.47521913,-0.07272291,0.46758354,0
0.021692574,-0.47120553,0.028794408,-0.47981688,0.0012882948,-0.47981688,0.03700167,-0.47242972,-0.042475045,-0.46745643,0.064205766,-0.336965,-0.08750433,-0.34300992,0.10194272,-0.17363185,-0.12204766,-0.17989019,0.13749081,-0.029749095,-0.11140239,-0.008074611,0.04850942,-0.00029855967,-0.04850942,0.00029855967,0.03559673,0.2570441,-0.04615408,0.25793144,0.007440388,0.47824308,-0.065920234,0.47521707,0
0.023595154,-0.46819764,0.031785607,-0.47458422,0.0036335588,-0.47458422,0.039725125,-0.47145623,-0.041367114,-0.4701027,0.06326693,-0.33890736,-0.08998227,-0.34552917,0.09959614,-0.17483872,-0.12546289,-0.1780239,0.13692921,-0.030232161,-0.115492284,-0.007129252,0.048490882,-0.0008933842,-0.048490882,0.0008933842,0.033927143,0.25790668,-0.040727437,0.26426417,0.0010034442,0.47824627,-0.054792345,0.48723233,0
0.02283442,-0.47401464,0.030840993,-0.47607788,0.0037623644,-0.47607788,0.03840661,-0.4742083,-0.03862083,-0.47284773,0.06298554,-0.3406188,-0.08974254,-0.34713846,0.09842223,-0.17336223,-0.12908125,-0.17485586,0.13591754,-0.03684333,-0.11531669,-0.00796774,0.04815018,-0.0013907552,-0.04815024,0.0013907552,0.032240033,0.26274887,-0.03764373,0.2740684,-0.0034059286,0.47941592,-0.051358044,0.4975138,0
0.023657024,-0.46407312,0.02992034,-0.4721943,0.0048006177,-0.4721943,0.03331673,-0.4674099,-0.04064703,-0.46525365,0.05610478,-0.3381658,-0.09309614,-0.34160963,0.09480494,-0.17184085,-0.134089,-0.165896,0.13576114,-0.038476914,-0.119831204,-0.005620599,0.046668947,-0.0023975968,-0.046669006,0.0023976266,0.026986837,0.25782734,-0.03443861,0.27257115,-0.008756161,0.47995383,-0.04596913,0.49970853,0
0.025999904,-0.4728101,0.031074047,-0.4728101,0.008506238,-0.4728101,0.030961573,-0.4728101,-0.03610599,-0.4721412,0.05307126,-0.34460247,-0.09308016,-0.34939894,0.09014237,-0.17922896,-0.13914627,-0.1730173,0.13340276,-0.0453386,-0.12226111,-0.00446108,0.045119643,-0.0024439692,-0.045119584,0.0024439692,0.02137506,0.25885403,-0.028248727,0.27446872,-0.018815339,0.4775719,-0.037554085,0.49873292,0
0.025850058,-0.4697363,0.031966865,-0.4761092,0.008023262,-0.4761092,0.033181906,-0.47273046,-0.03612256,-0.4736441,0.05265659,-0.34663317,-0.09179723,-0.35132098,0.08960235,-0.18035331,-0.14113015,-0.17021263,0.13304651,-0.05314499,-0.12516081,-0.0047473013,0.044453025,-0.0029548705,-0.044452965,0.0029549003,0.028330624,0.2561649,-0.018170476,0.27714843,-0.02292931,0.46369582,-0.036171973,0.49526656,0
0.028382003,-0.47211698,0.03433001,-0.47393245,0.011454523,-0.47393245,0.03359604,-0.47393245,-0.03217405,-0.47393245,0.049856663,-0.34932464,-0.089368165,-0.35551196,0.08532524,-0.17940477,-0.14141858,-0.1761697,0.13092583,-0.050064534,-0.12962407,-0.0088017285,0.042660058,-0.0031612813,-0.042659998,0.0031613111,0.024281323,0.25803548,-0.014721155,0.28260475,-0.022943556,0.45967907,-0.028774917,0.49843717,0
0.033949196,-0.46759298,0.03904903,-0.4724954,0.019572556,-0.4724954,0.031881154,-0.47147563,-0.025775015,-0.4724954,0.040688157,-0.351534,-0.08722085,-0.36300528,0.07868111,-0.1805076,-0.14308447,-0.1873497,0.12829483,-0.0493266,-0.13707733,-0.015738487,0.039425433,-0.0028399825,-0.039425433,0.0028399825,0.026890457,0.25803462,-0.011870801,0.2855887,-0.014688611,0.4613677,-0.028415263,0.50775886,0
0.038922846,-0.47271436,0.045203328,-0.4757044,0.025046349,-0.4757044,0.038280606,-0.4757044,-0.019419372,-0.4757044,0.042112827,-0.35797843,-0.08245969,-0.37314424,0.07318336,-0.18414903,-0.13888168,-0.19483998,0.124346554,-0.051904052,-0.12818044,-0.0058461726,0.03830886,-0.0023179054,-0.03830892,0.0023179054,0.025307477,0.26995584,-0.007215202,0.29518113,-0.009382784,0.46941343,-0.015928745,0.51413095,0
0.043416023,-0.47874534,0.048516273,-0.4813456,0.030488312,-0.4813456,0.037591994,-0.4813456,-0.014123976,-0.4813456,0.042134643,-0.3679245,-0.08177781,-0.38196427,0.06868523,-0.18648806,-0.13827044,-0.1909815,0.12104833,-0.050853997,-0.12843692,0.000113248825,0.036751688,-0.0014252663,-0.036751688,0.0014252961,0.014506638,0.29188234,-0.002166748,0.3013826,-0.015359879,0.5056088,0.0016428828,0.5186544,0
0.04730797,-0.4845406,0.050593674,-0.48630828,0.034414172,-0.48630828,0.035900056,-0.48630828,-0.011249602,-0.48630828,0.03975141,-0.37357533,-0.07862985,-0.38916162,0.06338072,-0.19551656,-0.1368897,-0.21027577,0.111736774,-0.049419135,-0.13154191,-0.0048576295,0.034839332,-0.0007869899,-0.034839272,0.0007869899,0.008877337,0.29832745,0.00024437904,0.30411148,-0.019320428,0.5116997,0.0023319721,0.5136917,0
0.05516255,-0.49064493,0.057302833,-0.49064493,0.043431938,-0.49064493,0.036604047,-0.49064493,-0.004032612,-0.49064493,0.035166323,-0.39040288,-0.07533026,-0.4040939,0.052251935,-0.20128742,-0.13391984,-0.20852822,0.10275602,-0.053420097,-0.12822205,-0.004740596,0.032186925,-0.0013675392,-0.032186866,0.0013675392,0.011596799,0.3038354,0.01006186,0.3107978,-0.03039056,0.5078603,0.0016494989,0.50935507,0
0.05758238,-0.49650404,0.05764681,-0.49650404,0.04596573,-0.49650404,0.030618489,-0.49650404,-0.0047133565,-0.49650404,0.024897099,-0.39484414,-0.076054275,-0.40915412,0.03349942,-0.20323622,-0.13544536,-0.21136004,0.08037484,-0.05784926,-0.12953448,-0.0031774938,0.029411077,-0.0011346042,-0.029411018,0.0011346042,0.0065306425,0.30655214,0.01298511,0.3110468,-0.04674542,0.49724433,-0.006155789,0.50349593,0
0.07109946,-0.5040156,0.06904292,-0.5040156,0.0625779,-0.5040156,0.03265935,-0.5040156,0.011048138,-0.5040156,0.023237526,-0.39579207,-0.0631606,-0.42275995,0.035945833,-0.19069129,-0.12736785,-0.22965604,0.08537662,-0.05811909,-0.11942637,-0.018414825,0.02344513,0.0017943978,-0.02344513,-0.0017943978,0.014212489,0.29944336,0.028587818,0.29677743,-0.045011282,0.48618048,-0.0008907318,0.49263203,0
0.05905521,-0.48061872,0.058191895,-0.48550457,0.053346694,-0.48550457,0.024314106,-0.48550457,0.013963282,-0.48550457,0.01347816,-0.39278334,-0.05772072,-0.4149782,0.0049227476,-0.18723083,-0.12727922,-0.22288465,0.057525337,-0.023181379,-0.1142813,-0.013186872,0.019645393,0.00071012974,-0.019645393,-0.00071015954,-0.00055247545,0.307144,0.018998563,0.3067788,-0.0547567,0.49042553,-0.007138133,0.49916422,0
0.07055867,-0.49047643,0.06802666,-0.49047643,0.06294143,-0.49047643,0.029152513,-0.49047643,0.0188905,-0.49047643,0.015572906,-0.403119,-0.047532737,-0.4187523,0.015877545,-0.19021791,-0.113134444,-0.22658959,0.061843514,-0.010280043,-0.1016227,-4.36306e-05,0.015932858,-0.0008047819,-0.015932918,0.0008048117,-0.004695475,0.29808933,0.028577805,0.30906892,-0.059230804,0.4947304,-0.0045276284,0.5095236,0
0.044296026,-0.4604315,0.043343663,-0.46500027,0.041267157,-0.46500027,0.006097436,-0.46500027,0.0061053038,-0.46500027,-0.004705727,-0.41835663,-0.058202386,-0.42717907,-0.024853706,-0.2008842,-0.11751336,-0.22157791,0.033191085,-0.015148282,-0.09796655,0.015984923,0.012451649,-0.0019145012,-0.012451649,0.0019144714,-0.03572446,0.3244877,-0.00021076202,0.33837473,-0.08559638,0.5349997,-0.010536671,0.5349997,0
0.042785227,-0.4437306,0.04163301,-0.44523323,0.040846884,-0.44523323,0.0047207475,-0.44523323,0.008516848,-0.44523323,-0.005911529,-0.40470713,-0.052009404,-0.4153882,-0.023020983,-0.18125898,-0.10134417,-0.2061474,0.038553298,0.006289035,-0.0732584,0.024766892,0.011123359,-0.0012427866,-0.011123359,0.0012427568,-0.031157136,0.33746374,-0.002461195,0.34984988,-0.07874173,0.5547668,-0.018664658,0.5547668,0
0.055461228,-0.44441348,0.053323567,-0.44441348,0.055799603,-0.44441348,0.015375137,-0.44441348,0.031567097,-0.44441348,0.0028167963,-0.41529045,-0.027565956,-0.42317536,-0.019618511,-0.19721429,-0.07299566,-0.21825133,0.042647302,-3.7819147e-05,-0.046176314,0.016649395,0.006629944,-0.001182586,-0.006629944,0.001182586,-0.020514369,0.32538038,0.011015892,0.3358034,-0.066467464,0.55505437,-0.013518512,0.5555865,0
0.05603659,-0.46265227,0.051101983,-0.46265227,0.06019157,-0.46265227,0.0031443834,-0.46265227,0.043492258,-0.46265227,-0.007092476,-0.4463439,-0.014276803,-0.448122,-0.022763968,-0.21816887,-0.045881033,-0.23005076,0.05480969,-0.0061427355,-0.008246422,0.004739195,0.00036537647,-0.001714915,-0.00036543608,0.001714915,-0.012296021,0.338161,0.0078033805,0.34239376,-0.038719773,0.53734773,-0.020047367,0.53734773,0
0.06633663,-0.4750896,0.05939269,-0.4750896,0.07212615,-0.4750896,0.004879594,-0.4750896,0.058157682,-0.4750896,-0.009368539,-0.45793962,0.002615869,-0.46134332,-0.020088077,-0.22078216,-0.014555812,-0.23977576,0.05649221,-0.03203553,0.033301473,-0.024381042,-0.004958391,-0.0017827749,0.004958391,0.0017828047,9.286404e-05,0.33288234,0.020895064,0.34006125,-0.018422306,0.5249104,-0.015776396,0.5249104,0
0.06612706,-0.46940473,0.057347596,-0.47027767,0.0767442,-0.47027767,0.0045334697,-0.47027767,0.0739944,-0.47027767,-0.001326263,-0.47027767,0.014571726,-0.47027767,-0.0063022375,-0.2382652,0.008638501,-0.24683276,0.06721103,-0.02391392,0.06464481,-0.020108283,-0.005922556,-0.0019702315,0.0059224963,0.0019702017,0.00034481287,0.33578426,0.015383124,0.3453982,-0.015250564,0.52972233,-0.026310742,0.52972233,0
0.09216851,-0.48071605,0.08568996,-0.489552,0.09913719,-0.489552,0.036263824,-0.489552,0.08921403,-0.489552,0.0204615,-0.47155088,0.029730737,-0.4706994,0.023226142,-0.2668121,0.02969408,-0.26512378,0.09961277,-0.077923924,0.08979356,-0.08035058,-0.0034950376,-0.0024229586,0.0034950376,0.0024229586,0.00942415,0.3356404,0.029868066,0.34751692,-0.021828055,0.510448,-0.021383643,0.510448,0
0.07999611,-0.4858985,0.06692034,-0.4858985,0.09092188,-0.4858985,0.0025269985,-0.4858985,0.09260881,-0.4858985,-0.0040106177,-0.4836643,0.04361105,-0.47916225,0.039853513,-0.24577267,0.069814265,-0.23230195,0.14175081,-0.069440186,0.13795835,-0.051277637,-0.017089307,-0.0033337474,0.017089367,0.0033337474,-0.0057069063,0.33270782,0.036221147,0.35142338,-0.025990129,0.5141015,-0.02325213,0.5141015,0
0.07290387,-0.4929254,0.056197047,-0.4929254,0.08445239,-0.4929254,-0.017934442,-0.4929254,0.08430731,-0.4929254,-0.019258976,-0.4929254,0.046303034,-0.4875378,0.057968855,-0.27942213,0.10673821,-0.273921,0.1688143,-0.07607475,0.17833704,-0.07784256,-0.023954153,-0.0029697716,0.023954153,0.0029697716,-0.0133059025,0.33170587,0.040950537,0.34747374,-0.026555836,0.5070746,-0.012383282,0.5070746,0
0.09079611,-0.4807925,0.07173866,-0.4914257,0.1030097,-0.4914257,-0.023553073,-0.4914257,0.09804791,-0.4914257,-0.052461088,-0.45808417,0.071451426,-0.46845534,0.014023006,-0.23498824,0.1365022,-0.27177215,0.14355302,-0.09317052,0.21773475,-0.07216489,-0.04021418,-0.0007247925,0.04021424,0.0007248223,-0.004788339,0.34034753,0.04173702,0.3539973,0.007759869,0.5085743,-0.02864343,0.5085743,0
0.05189413,-0.46826082,0.03263676,-0.4786656,0.0648275,-0.4786656,-0.04609406,-0.4786656,0.07301712,-0.4786656,-0.07730758,-0.42776382,0.07422757,-0.45987058,-0.085903764,-0.17284083,0.15958709,-0.27917635,-0.040515184,-0.016345948,0.24172515,-0.06587675,-0.045933127,0.0034410655,0.045933068,-0.0034410655,-0.018287003,0.35503614,0.045272708,0.3593825,0.015314877,0.5213344,-0.013374984,0.5213344,0
0.03199792,-0.4680439,0.015171528,-0.47867796,0.045522988,-0.47867796,-0.05387664,-0.47867796,0.061944842,-0.47867796,-0.08224249,-0.4380905,0.073663235,-0.4567163,-0.10787678,-0.19392002,0.17426169,-0.2706258,-0.08302647,-0.032978565,0.2569766,-0.07498956,-0.045969903,0.0008944869,0.045969903,-0.0008944869,-0.017143428,0.35237774,0.042180896,0.36153147,0.022598743,0.521322,-0.0072417855,0.521322,0
0.0069705844,-0.44714227,-0.0067692995,-0.4666324,0.020367384,-0.4666324,-0.065354526,-0.4666324,0.04960525,-0.4666324,-0.09448129,-0.40630195,0.077810645,-0.4318884,-0.12381935,-0.16074562,0.1936295,-0.25761193,-0.09102374,-0.00031769276,0.27952123,-0.088083565,-0.051742554,0.0020738244,0.051742554,-0.0020738244,-0.023246884,0.34250942,0.040864468,0.34810463,0.0050504208,0.53336763,-0.004690528,0.53336763,0
0.02535522,-0.45665967,0.010712862,-0.46541673,0.037526786,-0.46541673,-0.05649823,-0.46541673,0.05946088,-0.46541673,-0.0943526,-0.41148677,0.084806025,-0.4354439,-0.12835044,-0.15679383,0.20563507,-0.25129116,-0.08769101,-0.0008382499,0.28855062,-0.0867157,-0.054075897,0.0020308793,0.054075956,-0.0020308793,-0.029297113,0.344481,0.040589154,0.3471502,-0.005908966,0.5345833,-0.0019925833,0.5345833,0
0.0047166944,-0.4752176,-0.0061540008,-0.47853863,0.018553793,-0.47853863,-0.057404518,-0.47853863,0.054892898,-0.47853863,-0.09463698,-0.41433412,0.093331814,-0.4415863,-0.13958544,-0.15640107,0.21938902,-0.250673,-0.10318929,0.001804024,0.2916677,-0.09062591,-0.056473255,0.0032376945,0.056473255,-0.0032377243,-0.0371387,0.33930856,0.03236258,0.33883458,-0.009049416,0.52146137,-0.00043737888,0.52146137,0
0.007267773,-0.4834897,-0.0028963685,-0.48483458,0.019936621,-0.48483458,-0.05398929,-0.48483458,0.05451548,-0.48483458,-0.09671044,-0.4061128,0.09708804,-0.43459204,-0.14278394,-0.15849632,0.22609514,-0.25490928,-0.10908657,0.0033374429,0.29434222,-0.09152064,-0.058374584,0.003384471,0.058374584,-0.003384471,-0.0369817,0.33456454,0.039295554,0.33481875,-0.0113325715,0.51516545,0.0077337027,0.51516545,0
0.010057867,-0.47814354,-0.00017029047,-0.47814354,0.022863567,-0.47814354,-0.05278945,-0.47814354,0.055940747,-0.47814354,-0.09766519,-0.40524995,0.09814918,-0.42949992,-0.14643216,-0.16016251,0.22756416,-0.24788733,-0.11994249,0.006884843,0.29685497,-0.08283225,-0.05941087,0.0024730563,0.05941087,-0.0024730563,-0.042407453,0.33709124,0.04346609,0.34115073,-0.019014359,0.5218564,0.014481962,0.5218564,0
0.011403203,-0.49088606,-0.0027999282,-0.49646765,0.022943735,-0.49646765,-0.060801387,-0.49646765,0.04630357,-0.49646765,-0.1018945,-0.42950022,0.08795524,-0.4556892,-0.1428783,-0.19104335,0.21928442,-0.29392114,-0.12904948,-0.016956031,0.30284208,-0.115773946,-0.056969404,0.0019903183,0.056969345,-0.001990348,-0.046367705,0.3303672,0.053918183,0.3398155,0.0019499063,0.50353235,0.028577685,0.50353235,0
-0.0021836758,-0.5007956,-0.015465975,-0.5018466,0.008626699,-0.5018466,-0.066016495,-0.5018466,0.033343315,-0.5018466,-0.10219586,-0.43465915,0.078128874,-0.46218175,-0.14286095,-0.2003046,0.21056044,-0.29777652,-0.13948566,-0.031291038,0.28829128,-0.118814945,-0.053934813,0.0023971796,0.053934813,-0.0023971796,-0.047798693,0.32735783,0.053343594,0.335756,0.00096166134,0.4981534,0.03248191,0.4981534,0
-0.0048080087,-0.507093,-0.016794145,-0.507093,0.008142173,-0.507093,-0.06627107,-0.507093,0.044529498,-0.507093,-0.10334849,-0.4272561,0.08915001,-0.45232683,-0.1520797,-0.18579763,0.2121278,-0.27516806,-0.14205849,-0.02095744,0.28355348,-0.10691431,-0.059544027,0.0023450851,0.059544027,-0.0023450851,-0.044545293,0.3189956,0.06451154,0.32012916,-0.013018906,0.492907,0.04403448,0.492907,0
-0.0062351227,-0.49276108,-0.015698671,-0.49276108,0.009023726,-0.49276108,-0.063307345,-0.49276108,0.054769516,-0.49276108,-0.105172515,-0.41348523,0.10041165,-0.43005824,-0.1593909,-0.17581117,0.20804495,-0.24442741,-0.1355415,-0.0010017157,0.2560051,-0.0930337,-0.064917326,0.0013863444,0.064917326,-0.0013863742,-0.03673607,0.31817043,0.06764817,0.31470358,-0.010064602,0.5072389,0.051738203,0.5072389,0
-0.0010736585,-0.50787914,-0.011100531,-0.50787914,0.015256345,-0.50787914,-0.063887656,-0.50787914,0.058204472,-0.50787914,-0.103339076,-0.430079,0.09352112,-0.4409692,-0.15237832,-0.18691468,0.18861055,-0.24682543,-0.13664985,-0.009483218,0.24183428,-0.10188463,-0.0631693,-0.00052034855,0.0631693,0.00052040815,-0.034249127,0.30859578,0.07642412,0.31580245,-0.0073797703,0.49212086,0.06122428,0.49212086,0
-0.00070500374,-0.5062698,-0.0108709335,-0.5062698,0.012539864,-0.5062698,-0.06841272,-0.5062698,0.04814154,-0.5062698,-0.11177069,-0.4218082,0.08586514,-0.43676618,-0.15492648,-0.17282897,0.17069572,-0.23916394,-0.13283014,-0.0065358877,0.20367223,-0.09278059,-0.06408143,0.00031012297,0.06408143,-0.00031018257,-0.03737122,0.3150581,0.0789597,0.31778163,-0.0110628605,0.4937302,0.066369474,0.4937302,0
-0.0028116703,-0.5129036,-0.013304472,-0.5129036,0.0120690465,-0.5129036,-0.067842185,-0.5129036,0.050519526,-0.5129036,-0.10548639,-0.43120342,0.081914425,-0.44930243,-0.15220806,-0.17894235,0.15960836,-0.25027105,-0.13254517,-0.010232329,0.19495726,-0.09542188,-0.061109662,0.0010383725,0.061109662,-0.0010384321,-0.03294891,0.30844897,0.0844537,0.30641162,-0.0037581325,0.48709643,0.078424454,0.48709643,0
-0.018473506,-0.51006013,-0.028851628,-0.51006013,-0.0030156374,-0.51006013,-0.076586485,-0.51006013,0.03862965,-0.51006013,-0.11104363,-0.41945523,0.0745095,-0.43807113,-0.15343246,-0.17247704,0.13948649,-0.23977357,-0.13701636,-0.005480051,0.1563816,-0.08876634,-0.06152463,0.0011458993,0.06152463,-0.0011458993,-0.03926909,0.3101552,0.08567655,0.31091893,-0.014096916,0.48993987,0.07932484,0.48993987,0
-0.023531437,-0.5069372,-0.03289312,-0.5090641,-0.010413468,-0.5090641,-0.07805741,-0.5090641,0.028476417,-0.5090641,-0.11358094,-0.399761,0.06838596,-0.42575473,-0.14974868,-0.15458417,0.12585598,-0.23521826,-0.13207996,-0.0027487874,0.12958622,-0.08553928,-0.06120825,0.0023201108,0.06120825,-0.0023200512,-0.034966946,0.29781383,0.094187796,0.29782408,-0.010678053,0.49093592,0.087940276,0.49093592,0
-0.056556106,-0.49860322,-0.06066811,-0.5164366,-0.03820032,-0.5164366,-0.08146769,-0.5164366,0.024135232,-0.5164366,-0.105451345,-0.3902076,0.06843352,-0.4111129,-0.15631634,-0.1585427,0.112689614,-0.21769086,-0.13924894,0.0041028857,0.10818058,-0.061778754,-0.058066964,0.0022838712,0.058067024,-0.0022838712,-0.021710992,0.29407215,0.090693474,0.28910553,-0.007562518,0.48277432,0.08973676,0.48356342,2
-0.09218997,-0.48982328,-0.093127966,-0.5115715,-0.073238015,-0.5149671,-0.09370023,-0.5104535,-0.0009831786,-0.51572585,-0.11373806,-0.37769604,0.05522126,-0.39446747,-0.16238427,-0.15945366,0.10422355,-0.20176569,-0.1399185,0.01280427,0.08145684,-0.050732583,-0.05520451,0.0010231733,0.05520451,-0.0010232329,-0.00066924095,0.28798193,0.09267396,0.28219914,0.021556199,0.4673466,0.10290843,0.46603733,2
-0.10185003,-0.4845231,-0.10177189,-0.50668305,-0.08159703,-0.50994456,-0.095537364,-0.505534,-0.0033596158,-0.5153586,-0.11363137,-0.37061357,0.057778716,-0.38941628,-0.16242185,-0.15526694,0.10136652,-0.20962366,-0.13864318,0.0175969,0.066161335,-0.089431494,-0.05671084,0.0017021894,0.05671084,-0.001702249,-0.00046002865,0.28459454,0.09857023,0.27565193,0.019738555,0.47255772,0.111258924,0.46494186,2
-0.109006286,-0.47742546,-0.10831183,-0.49916568,-0.09130138,-0.5031946,-0.10102832,-0.49736038,-0.01733154,-0.5094144,-0.117510736,-0.35877034,0.04691279,-0.38715816,-0.16188222,-0.14325407,0.097005725,-0.22335532,-0.13778326,0.021337032,0.06943238,-0.111658186,-0.054668307,0.0032470822,0.054668307,-0.0032471418,-0.0017593503,0.28586835,0.10147554,0.27155924,0.014872372,0.47770566,0.114729404,0.46307516,2
-0.09110081,-0.4764871,-0.094503164,-0.49762127,-0.07733762,-0.50184274,-0.10904795,-0.49353045,-0.01613748,-0.50727487,-0.12625098,-0.34548122,0.048260808,-0.38921073,-0.14844257,-0.12752086,0.09431499,-0.2425754,-0.13714615,0.014826775,0.05919963,-0.10564047,-0.059301615,0.0059428215,0.059301674,-0.005942881,-0.013518095,0.28614044,0.10527462,0.27220023,0.0045439005,0.47756183,0.103390515,0.47756183,2
-0.070488214,-0.4602953,-0.07448006,-0.4802307,-0.058796883,-0.48594677,-0.10137117,-0.48142228,-0.0089643,-0.49660718,-0.12388909,-0.34372544,0.046604455,-0.38720724,-0.14569372,-0.12323791,0.08926439,-0.24765816,-0.13704145,0.01928109,0.058475256,-0.12786138,-0.058130264,0.005769253,0.058130205,-0.005769253,-0.008150995,0.28580898,0.11118543,0.26878917,0.0073400736,0.47889495,0.10949093,0.47889495,2
-0.08599031,-0.44424865,-0.08892691,-0.4641516,-0.07414311,-0.47068584,-0.10989553,-0.4651387,-0.020292759,-0.48337722,-0.1303949,-0.32616436,0.042268336,-0.3766787,-0.14699823,-0.10420814,0.08310604,-0.23579955,-0.13775742,0.03316593,0.04296416,-0.11127272,-0.05912286,0.0073714256,0.05912286,-0.0073714852,-0.008217514,0.27914,0.11282045,0.25717205,0.007586539,0.47625482,0.113634884,0.47625482,2
-0.10448462,-0.42691046,-0.104638815,-0.4466502,-0.09216416,-0.45254847,-0.11138144,-0.4468541,-0.033224463,-0.46477067,-0.12908545,-0.3070354,0.03760314,-0.3629731,-0.14842689,-0.09050435,0.07935256,-0.23450541,-0.13134995,0.043195367,0.04829508,-0.110898525,-0.05675155,0.008359432,0.05675155,-0.008359492,-0.004051149,0.27963305,0.11615676,0.25547785,0.01301986,0.4781288,0.12127584,0.4781288,2
-0.09507102,-0.41565484,-0.09673542,-0.4344002,-0.084744275,-0.44094014,-0.11149883,-0.43827665,-0.03407532,-0.4563393,-0.12994614,-0.30667305,0.03189975,-0.36385298,-0.14587513,-0.09067485,0.079045355,-0.23874399,-0.1276662,0.04484874,0.058232367,-0.10914117,-0.055337727,0.008405268,0.055337727,-0.008405268,-0.00017434359,0.26818907,0.12294811,0.2411508,0.011246741,0.468713,0.12645704,0.4664601,2
-0.10607228,-0.3933824,-0.105000734,-0.41225058,-0.09499538,-0.41792613,-0.10749155,-0.4233947,-0.03986609,-0.4388988,-0.123191506,-0.30471998,0.029381394,-0.35197625,-0.14436227,-0.086998224,0.074573696,-0.20698047,-0.11640534,0.056479692,0.046598375,-0.108703434,-0.05323738,0.007308364,0.05323732,-0.0073083043,0.0018097162,0.25296295,0.12969363,0.22655314,0.0015073419,0.46000397,0.14363706,0.44491374,2
-0.10329819,-0.38209504,-0.10208064,-0.40020275,-0.09214422,-0.4066744,-0.105201066,-0.4118387,-0.038868368,-0.4278679,-0.12042481,-0.29585508,0.028377473,-0.34460312,-0.14479518,-0.07635224,0.07432622,-0.20165288,-0.1126228,0.06432414,0.057794392,-0.12243548,-0.051803946,0.007904589,0.051803946,-0.007904589,0.0116356015,0.23736084,0.1388079,0.20593041,0.0023349524,0.4474988,0.14787847,0.42448825,2
-0.10199815,-0.37471503,-0.10263485,-0.39248753,-0.09352356,-0.4000737,-0.1099498,-0.39796096,-0.044424534,-0.41690245,-0.12337181,-0.27433243,0.025455236,-0.33874398,-0.14216131,-0.056167543,0.07155651,-0.21648577,-0.11661488,0.08043325,0.05357957,-0.11563951,-0.05056554,0.011302352,0.05056554,-0.011302352,0.018942654,0.22952384,0.1345005,0.18218213,0.011940956,0.4367571,0.12895048,0.4054767,2
-0.09817961,-0.36846226,-0.09731814,-0.384991,-0.08703029,-0.39508775,-0.10300711,-0.38971043,-0.03117317,-0.41353267,-0.12035519,-0.2732438,0.03247279,-0.3359908,-0.15287244,-0.057021797,0.07966459,-0.21043557,-0.11623433,0.0700466,0.06567079,-0.13552552,-0.05163741,0.011332691,0.05163747,-0.01133275,0.021201909,0.20349562,0.12663412,0.14790279,0.013660729,0.41408193,0.12888128,0.34819502,2
-0.09872615,-0.35303256,-0.097794026,-0.3700925,-0.088825285,-0.37963268,-0.10099366,-0.37767214,-0.03358096,-0.39891773,-0.11670807,-0.26403666,0.03440225,-0.32754603,-0.15618914,-0.04922825,0.08086765,-0.20285511,-0.11261523,0.06916094,0.074089766,-0.13987908,-0.049916923,0.012350798,0.049916923,-0.012350798,0.029255927,0.18217975,0.12258375,0.11916727,0.01620406,0.39598912,0.110379755,0.31511158,2
-0.062227905,-0.33796877,-0.066043556,-0.3549378,-0.058920443,-0.36268926,-0.09133357,-0.3650428,-0.029027164,-0.37799028,-0.10866916,-0.25290427,0.030890465,-0.31416473,-0.14717576,-0.03742093,0.07348633,-0.19785127,-0.11155075,0.07314581,0.07716435,-0.13694692,-0.044748902,0.012079954,0.044748902,-0.012080014,0.046874404,0.15365505,0.12765998,0.093925476,0.019818068,0.3612764,0.080154896,0.28549027,2
-0.080719024,-0.33117962,-0.0810785,-0.345984,-0.0730921,-0.35629156,-0.09542507,-0.34554914,-0.027237177,-0.36922142,-0.1179187,-0.23756501,0.029055655,-0.30246058,-0.1480439,-0.031698883,0.08969796,-0.18988374,-0.110420436,0.08360618,0.09017515,-0.116630375,-0.046631753,0.01046586,0.046631813,-0.01046592,0.044974208,0.16183257,0.10512602,0.1125474,0.06335175,0.34598184,0.098531365,0.28487659,2
-0.07560414,-0.32432988,-0.07830146,-0.33948025,-0.069851756,-0.34846035,-0.0967643,-0.33937746,-0.029584408,-0.35781643,-0.10708758,-0.23256251,0.027143717,-0.2956165,-0.14268124,-0.049702764,0.07274157,-0.19443041,-0.11016983,0.073854566,0.07556504,-0.122353494,-0.042800248,0.01377517,0.042800248,-0.01377517,0.035292685,0.1239835,0.098089695,0.052039504,0.02344513,0.31834888,0.06811315,0.2195999,2
-0.086293876,-0.282097,-0.090364516,-0.29576936,-0.07832068,-0.30282637,-0.100250155,-0.30340534,-0.03785956,-0.31757742,-0.10046059,-0.20996636,0.022440135,-0.2678238,-0.14090809,-0.0409261,0.05853188,-0.18118453,-0.13717866,0.08156049,0.05602467,-0.12641484,-0.038505256,0.013138771,0.038505316,-0.013138771,0.03149593,0.12981135,0.102356315,0.06804484,0.00671345,0.31339025,0.058421016,0.23560143,2
-0.06710294,-0.28691775,-0.07238755,-0.301051,-0.062430978,-0.31069392,-0.10022795,-0.30424288,-0.030713141,-0.32536975,-0.10814804,-0.20700619,0.020012677,-0.27840784,-0.13523906,-0.032565713,0.06282431,-0.20708457,-0.12002024,0.08051348,0.055074036,-0.15568793,-0.040483534,0.015614569,0.040483534,-0.015614629,0.025128543,0.12029368,0.08067846,0.040886283,0.02894944,0.30340552,0.060103,0.19448274,2
-0.049734414,-0.2662893,-0.058292806,-0.2789098,-0.04676488,-0.28751007,-0.09155834,-0.28571647,-0.030510724,-0.30133554,-0.104171395,-0.1846562,0.02077043,-0.250569,-0.13335079,-0.013164818,0.063486874,-0.18129998,-0.122722596,0.08086264,0.05534345,-0.10890669,-0.039805442,0.0135958195,0.039805472,-0.01359576,0.03454119,0.09950167,0.10695195,0.031102955,0.029518306,0.28587186,0.061701536,0.19602644,2
-0.06613678,-0.24149147,-0.07251108,-0.25393972,-0.062589765,-0.26466206,-0.09989184,-0.25326285,-0.033669055,-0.27938285,-0.11783093,-0.16374254,0.011220276,-0.23047829,-0.13589859,0.0003233552,0.06347376,-0.15335864,-0.14188063,0.10145694,0.04361707,-0.07499015,-0.042048395,0.011855066,0.042048395,-0.011855066,0.0037863255,0.09593892,0.068828285,0.037850022,0.030489802,0.27265966,0.06909031,0.18585944,2
-0.052010775,-0.24039233,-0.058823436,-0.2514384,-0.04963398,-0.2622504,-0.089517504,-0.24321279,-0.026588261,-0.2680156,-0.10943359,-0.15531433,0.013470769,-0.21547657,-0.12591678,-0.0039849877,0.05764848,-0.13716805,-0.14003485,0.11010671,0.03045839,-0.056087077,-0.040343106,0.010999918,0.040343106,-0.010999978,0.019243658,0.08646512,0.08645612,0.028805137,0.032092214,0.2633558,0.081523836,0.17440206,2
-0.046943426,-0.22622424,-0.053690374,-0.2359389,-0.0428544,-0.24804717,-0.08475438,-0.23502326,-0.020578086,-0.25989887,-0.09643492,-0.15434998,0.016210377,-0.22363275,-0.120545715,-0.0012750626,0.032382846,-0.13763827,-0.12588054,0.11188233,0.010900378,-0.021342754,-0.03787598,0.014822185,0.03787601,-0.014822185,0.031716645,0.060382724,0.10889399,-0.0065785646,0.007861435,0.24926668,0.07787144,0.16233808,2
-0.031748295,-0.21712911,-0.03821531,-0.22705066,-0.028406441,-0.23855776,-0.07149044,-0.2258271,-0.011050642,-0.24688631,-0.08890739,-0.14799714,0.020100832,-0.20674312,-0.11728901,-0.0018209815,0.016012013,-0.10903841,-0.11593744,0.09240639,-0.04082322,0.031612813,-0.03735414,0.012293696,0.03735411,-0.012293696,0.049904168,0.038217008,0.12543249,-0.022085965,0.021576643,0.21941668,0.096974194,0.14835656,2
0.004034817,-0.20411772,-0.0045368075,-0.21496224,0.0037671626,-0.22721851,-0.05131954,-0.2239567,-0.001621604,-0.24274194,-0.08525449,-0.15597719,0.012681931,-0.19580013,-0.10632977,0.005024731,0.007868677,-0.066399336,-0.08894837,0.09743726,-0.067302465,0.07283217,-0.034722447,0.0068460703,0.034722447,-0.0068460703,0.07863623,0.025253654,0.14547533,-0.02420932,0.043629825,0.20566803,0.11574817,0.14341718,2
0.042162985,-0.22257406,0.032356262,-0.23424894,0.04192716,-0.24118727,-0.019096553,-0.24341697,0.030641139,-0.24838442,-0.058002293,-0.17818338,0.041695207,-0.20843172,-0.08951703,-0.03733176,0.061763346,-0.12015587,-0.056925148,0.03367734,0.052145094,-0.07231367,-0.032657772,0.004146695,0.032657772,-0.0041466355,0.109571695,-0.050201237,0.17997772,-0.08904678,0.06794393,0.15153724,0.13656008,0.10836959,2
0.04260227,-0.2264449,0.0346933,-0.23809862,0.04146862,-0.24618196,-0.013616264,-0.24685508,0.0331589,-0.25660795,-0.059438437,-0.18148041,0.044580758,-0.21324563,-0.08760184,-0.042130888,0.065152705,-0.113132834,-0.055436015,0.021805823,0.018308073,-0.037080526,-0.03589666,0.0044457316,0.03589669,-0.004445672,0.10205746,-0.045937,0.1796664,-0.08955145,0.06771588,0.1492787,0.1602574,0.09944457,2
0.024698168,-0.22032207,0.01537329,-0.23100889,0.024894565,-0.23932081,-0.035391986,-0.23699021,0.01846394,-0.24716896,-0.07599896,-0.17164302,0.035458416,-0.20885831,-0.095974624,-0.025896847,0.053743035,-0.1080116,-0.054042995,0.021283507,0.00825119,-0.034828663,-0.0384174,0.00540334,0.0384174,-0.00540334,0.08609605,-0.055690765,0.16704673,-0.0971002,0.065105766,0.13244003,0.1539818,0.08703703,2
0.012182176,-0.20098495,-0.0039918423,-0.20986474,0.014797121,-0.2171107,-0.05816537,-0.2188797,0.010905683,-0.22697037,-0.08566779,-0.15501791,0.03218609,-0.19583535,-0.10669285,-0.031891406,0.05943641,-0.12295866,-0.09482503,-0.017047465,0.024248302,-0.083673835,-0.04117632,0.006609261,0.04117632,-0.0066092014,0.06617808,-0.041913986,0.1733554,-0.090734005,0.048356473,0.14707172,0.14943182,0.093072474,2
0.049023062,-0.2245096,0.036338806,-0.23561287,0.050338596,-0.24118632,-0.020371854,-0.24778682,0.03991899,-0.25137287,-0.0554491,-0.19032967,0.03833109,-0.22107393,-0.0907152,-0.03817278,0.06411648,-0.111714184,-0.057308346,-0.020893693,0.0523068,-0.078662276,-0.031537592,0.0046103597,0.031537592,-0.0046104193,0.09095493,-0.059820414,0.16483897,-0.11225009,0.09168464,0.12997109,0.16685277,0.061568916,2
0.049657255,-0.22262412,0.04268557,-0.23308063,0.05076614,-0.2398001,-0.0042909384,-0.24247164,0.04125443,-0.25211143,-0.050151438,-0.1864518,0.037120253,-0.21808583,-0.08896741,-0.038223207,0.076030254,-0.1202957,-0.06619772,-0.028744876,0.063595265,-0.11056125,-0.02852273,0.0026672482,0.02852273,-0.0026673079,0.09783164,-0.07653141,0.15839523,-0.112567484,0.11114389,0.11019838,0.18722433,0.07048756,1
0.064291656,-0.19208926,0.05475375,-0.20248884,0.0642955,-0.20611006,0.009985864,-0.21943891,0.05145499,-0.22012043,-0.02237904,-0.18212086,0.040844023,-0.19497633,-0.057038248,-0.06729388,0.08060381,-0.09971422,-0.05562833,-0.03736186,0.088941306,-0.090702474,-0.020533025,0.00027287006,0.020533055,-0.00027292967,0.12150571,-0.047626257,0.18385673,-0.08677316,0.113186896,0.13293219,0.19489998,0.083233,1
0.06255466,-0.1862747,0.053616494,-0.19613647,0.06259692,-0.2001124,0.010985404,-0.21808177,0.048715323,-0.21951222,-0.014937609,-0.18828154,0.03436017,-0.19601238,0.008781701,-0.09466678,0.07742435,-0.10943979,0.06922433,-0.11207205,0.07363084,-0.124878824,-0.018293649,-0.0017921329,0.018293649,0.0017921925,0.13477007,-0.055655718,0.18620661,-0.09157133,0.1500673,0.11480504,0.21772513,0.07155621,1
0.060214758,-0.18406981,0.050440967,-0.19419271,0.060694247,-0.19717973,0.005259633,-0.21197784,0.04202807,-0.21331984,-0.023958325,-0.17764616,0.025404572,-0.18311381,0.017738283,-0.09158188,0.08425367,-0.102134764,0.07552314,-0.09025818,0.07899392,-0.07663542,-0.017163545,-0.0045374036,0.017163545,0.0045374036,0.15652621,-0.06382066,0.18820018,-0.08745736,0.21480703,0.094258904,0.24465162,0.07076657,1
0.034931332,-0.15980971,0.024006069,-0.16819853,0.035138488,-0.17176282,-0.017138243,-0.16755432,0.010852218,-0.17575139,-0.041609764,-0.11852658,-0.009736061,-0.1358288,0.013523817,-0.083749115,0.058257103,-0.12031442,0.036900073,-0.121889174,0.04415381,-0.12221748,-0.011763215,-0.0033332705,0.011763215,0.0033333302,0.13852262,-0.060795844,0.15255761,-0.07570666,0.22050184,0.06140244,0.22691089,0.046536148,1
0.015031368,-0.15237308,0.00290668,-0.16199434,0.016782492,-0.16254258,-0.047483176,-0.16714817,-0.0059547126,-0.16727567,-0.06573397,-0.12090957,-0.020620853,-0.1266039,-0.005230963,-0.0847792,0.047367126,-0.11220461,0.040939838,-0.08868736,0.044220775,-0.09227717,-0.01735416,-0.0060095787,0.01735416,0.0060096383,0.11573985,-0.034386158,0.14968416,-0.04882425,0.22866115,0.046921372,0.2558687,0.0303936,1
-0.030186534,-0.15592378,-0.04123184,-0.166673,-0.030652493,-0.1644035,-0.08482432,-0.16395193,-0.050663233,-0.15885401,-0.08983493,-0.10813564,-0.05029404,-0.10856849,-0.022735626,-0.06410843,0.024522364,-0.090222895,0.019797593,-0.08066112,0.015140772,-0.09004843,-0.015460551,-0.007887423,0.015460581,0.007887423,0.10208249,-0.02339077,0.13583854,-0.027695596,0.22493052,0.030144155,0.24883491,0.025007784,1
-0.010177255,-0.16048044,-0.024130106,-0.16822052,-0.00922364,-0.17002147,-0.07064924,-0.16366285,-0.029421687,-0.16772401,-0.07222301,-0.106592715,-0.045423597,-0.11983913,-0.011975527,-0.07847065,0.024749726,-0.1122303,0.01638043,-0.10437733,0.011886984,-0.10552722,-0.013790607,-0.0027153492,0.013790637,0.0027153492,0.09003988,-0.045157194,0.12855303,-0.08086926,0.19389439,0.013655603,0.24232489,-0.038841963,1
-0.01838702,-0.1240527,-0.030483186,-0.1333006,-0.016903311,-0.13405508,-0.07204008,-0.1346916,-0.033541918,-0.13535857,-0.07634282,-0.08506501,-0.044442177,-0.09680462,-0.026346534,-0.09443396,0.019884467,-0.12919533,0.016026437,-0.099518955,0.018528461,-0.09441018,-0.014062405,-0.0036822557,0.014062375,0.0036822557,0.09508011,-0.043150246,0.11531106,-0.06993914,0.21565706,0.008187056,0.21961647,-0.030199349,1
-0.012976348,-0.054033935,-0.02206409,-0.06627995,-0.014084548,-0.0641219,-0.06285998,-0.07402003,-0.039558172,-0.066432476,-0.078122824,-0.05561614,-0.04930517,-0.03696692,-0.027963012,-0.029374719,0.0113784075,0.00156492,0.024109751,-0.06900108,0.059105933,-0.022479713,-0.011599302,-0.0128855705,0.011599302,0.01288563,0.09778994,0.01088053,0.117494136,0.027285755,0.20814708,0.01470232,0.20961347,0.025992692,1
-0.0124049485,-0.02581197,-0.022458851,-0.033409774,-0.015509665,-0.034775376,-0.05892819,-0.03828472,-0.042201906,-0.035170913,-0.073897004,-0.02336675,-0.04211706,-0.017178118,-0.036089867,-0.059880614,0.0059407055,-0.059441388,-0.017160088,-0.06208062,-0.01234284,-0.06241584,-0.012309313,-0.008668542,0.012309283,0.008668482,0.13827485,0.0022806525,0.16220343,0.0074819922,0.19392967,-0.004352331,0.2027641,0.005155444,1
-0.015768498,-0.113964915,-0.029957026,-0.1252805,-0.014329672,-0.12489873,-0.07642293,-0.124513745,-0.030738264,-0.122556925,-0.083602265,-0.06950164,-0.038664788,-0.07220334,-0.01820445,-0.047782183,0.027751714,-0.07208598,0.010248214,-0.1024701,-0.0033081174,-0.11402577,-0.019273162,-0.0072701573,0.019273132,0.007270217,0.1198017,-0.05472845,0.15453348,-0.06565207,0.23643845,-0.019532144,0.25802612,-0.0313161,1
-0.014676958,-0.042887628,-0.028051853,-0.050066292,-0.015216172,-0.052547336,-0.06594816,-0.058829546,-0.033489883,-0.0630033,-0.06424725,-0.028904915,-0.043911994,-0.050079644,-0.006147802,-0.05396861,0.030835122,-0.09785861,0.010153979,-0.0833537,0.012005061,-0.08975917,-0.011191696,0.0004951954,0.011191666,-0.0004951358,0.11294499,0.017906427,0.13709754,-0.04318577,0.23434353,0.033996105,0.25665152,-0.056022644,1
-0.01714933,-0.034797728,-0.029626727,-0.049506545,-0.021172702,-0.04489124,-0.064073116,-0.06352383,-0.046120882,-0.049610853,-0.060084432,-0.027032495,-0.06746802,-0.0062499046,-0.03209877,-0.010926425,-0.022003263,0.024627984,-0.040376782,0.007892847,-0.04693994,0.07039583,-0.003112793,-0.010083854,0.003112793,0.010083795,0.11563134,-0.0029932857,0.12892714,-0.026560009,0.23139948,0.006495893,0.24623668,-0.042576194,1
0.0023656487,-0.06065297,-0.009744704,-0.07014704,0.0013600588,-0.07160461,-0.050384045,-0.08267403,-0.022582233,-0.08489412,-0.055206716,-0.052289963,-0.03960371,-0.070861936,0.005795419,-0.05830455,0.03637135,-0.1018188,0.045682162,-0.07133931,0.04337901,-0.08257991,-0.009367645,-0.0009872317,0.009367615,0.0009872317,0.111313045,0.013436973,0.1349259,-0.041974664,0.24339324,0.042358935,0.26446044,-0.04373187,1
0.020618498,-0.087726116,0.007318437,-0.09626073,0.02073872,-0.097148895,-0.038729995,-0.108118355,-0.004016936,-0.10702187,-0.049954563,-0.08128381,-0.030895889,-0.09313166,-0.0034478307,-0.086628854,0.022370517,-0.11518967,0.0426026,-0.07806295,0.04161635,-0.07634282,-0.00996989,-0.0029919744,0.00996989,0.002992034,0.12629375,0.022545397,0.15558419,-0.025808752,0.23716086,0.08369523,0.27026677,0.0036603212,1
0.008352488,-0.066735744,-0.0020890832,-0.07552916,0.0081501305,-0.076173544,-0.043162137,-0.09016687,-0.019464493,-0.090682685,-0.054793864,-0.07825607,-0.048414826,-0.09140921,-0.005417168,-0.08927351,-0.0020041764,-0.12811106,0.030835032,-0.08331454,0.025587201,-0.08891541,-0.005583316,-0.005490482,0.005583346,0.005490482,0.12647355,0.01278615,0.15233377,-0.011059821,0.24947214,0.08990157,0.27643424,0.04712069,1
0.02534023,-0.10960871,0.016939998,-0.11851716,0.025050372,-0.12206006,-0.02502197,-0.13134271,-0.0074563622,-0.1394198,-0.042527765,-0.10819632,-0.046330333,-0.1245504,0.009278774,-0.084469676,0.0054861903,-0.12230939,0.036155105,-0.07899481,0.031988263,-0.08244157,-0.0014482737,-0.0057345033,0.0014483035,0.0057344437,0.14794827,0.014241874,0.15942341,-0.005534053,0.27154303,0.10228622,0.28823292,0.07044625,1
0.009442687,-0.17671514,0.0011640489,-0.18601334,0.01136753,-0.19015068,-0.041329175,-0.18984187,-0.012384295,-0.19853556,-0.053215623,-0.13976705,-0.045144618,-0.14773744,0.0031690598,-0.08963382,0.018522441,-0.10586673,0.034086883,-0.09899515,0.031048864,-0.09886354,-0.0053189695,-0.006640017,0.0053189397,0.006640017,0.15346816,-0.0018780828,0.16497314,-0.024046063,0.27136075,0.09662193,0.28935653,0.06518084,1
0.008783191,-0.14522296,0.0022508204,-0.15451354,0.009152055,-0.15725303,-0.03555286,-0.16210479,-0.019177318,-0.16820687,-0.048203558,-0.12699711,-0.060212433,-0.13998842,-0.0030061603,-0.09799641,-0.01779136,-0.13436967,0.03342843,-0.09216982,0.023171693,-0.102627814,0.0015755594,-0.0077456236,-0.0015755594,0.007745683,0.16041523,0.013112605,0.16173884,0.0021873116,0.2838026,0.10443008,0.2899957,0.08679223,1
-0.01844585,-0.16024685,-0.02573654,-0.16975904,-0.018640965,-0.17150003,-0.06623718,-0.17550099,-0.047119886,-0.17803937,-0.073017,-0.13761896,-0.08456452,-0.14662099,-0.035804927,-0.10529685,-0.052480727,-0.1368519,0.013453364,-0.11035174,0.0026150048,-0.12023461,0.0015632808,-0.009019017,-0.0015632808,0.009018958,0.16165069,0.0138273835,0.16302744,-0.0022426844,0.28323612,0.10398626,0.29189602,0.071546316,1
-0.038809806,-0.111035466,-0.04432267,-0.122517705,-0.039676845,-0.118867874,-0.07618269,-0.13728952,-0.064609826,-0.12827015,-0.082294434,-0.12382841,-0.09526272,-0.120132565,-0.055871904,-0.112573385,-0.080341265,-0.13183546,-0.002324134,-0.10791999,-0.011649132,-0.10954976,0.0029699206,-0.013536215,-0.0029699206,0.013536215,0.14680758,0.0059497952,0.1489493,0.017857194,0.28121084,0.09567499,0.28402525,0.09746498,1
-0.03691989,-0.13215035,-0.04057151,-0.14430678,-0.036370307,-0.14209908,-0.0707328,-0.15929991,-0.05784151,-0.15371925,-0.07890928,-0.13745522,-0.09427658,-0.13528496,-0.06518957,-0.11795682,-0.089664206,-0.13616323,-0.0117203295,-0.113336205,-0.016868323,-0.113826334,0.003335774,-0.013477325,-0.003335774,0.013477325,0.15247482,0.007032752,0.14998731,0.018045366,0.2831113,0.09586209,0.2856255,0.10078716,1
-0.075485826,-0.10840988,-0.08045748,-0.121602654,-0.07409102,-0.114658415,-0.10050297,-0.14003122,-0.08167592,-0.121684134,-0.098534375,-0.121227086,-0.1026078,-0.10012537,-0.08962591,-0.13140535,-0.09496167,-0.11514723,-0.024998933,-0.120067954,-0.023806512,-0.105175614,-0.0012271106,-0.015576363,0.0012271404,0.015576363,0.14032933,0.028486133,0.13858384,0.030241549,0.28026968,0.11459178,0.28610843,0.09782928,1
-0.0270423,-0.077466965,-0.027557254,-0.09097731,-0.026193708,-0.088907,-0.0541538,-0.11124462,-0.04922852,-0.105455875,-0.07412301,-0.10791671,-0.087474704,-0.10145503,-0.076288536,-0.11747044,-0.09195894,-0.12242895,-0.01781103,-0.1331467,-0.013766766,-0.12092477,0.0031439066,-0.015146017,-0.0031439066,0.0151459575,0.16235071,0.014762223,0.15756914,0.034467876,0.2975231,0.09667009,0.2972245,0.11547238,1
-0.036794603,-0.109534025,-0.0367651,-0.123672485,-0.03564948,-0.12091744,-0.06209749,-0.14299709,-0.055484384,-0.13607591,-0.07777712,-0.12922418,-0.097388774,-0.12117165,-0.084806055,-0.12391567,-0.11284776,-0.1287834,-0.016236007,-0.13271707,-0.02200237,-0.12764347,0.004416883,-0.015995085,-0.004416853,0.015995085,0.15047044,0.005015135,0.14189315,0.026638985,0.28635192,0.085097075,0.2892449,0.105278015,1
-0.09242669,-0.1329493,-0.0956582,-0.14581454,-0.0886493,-0.14178205,-0.115601525,-0.16361439,-0.09268962,-0.15085745,-0.11404942,-0.13597608,-0.11421141,-0.119020164,-0.114522725,-0.11867118,-0.114256516,-0.10698128,-0.03273648,-0.13985187,-0.031478643,-0.123580694,-0.0028342605,-0.015473247,0.0028342903,0.015473247,0.14365074,0.0331589,0.14210501,0.035830498,0.27219623,0.10981166,0.28500146,0.10176611,1
-0.094928354,-0.12217909,-0.09807889,-0.13587457,-0.09304845,-0.13103282,-0.11611268,-0.15703404,-0.09966728,-0.14162725,-0.11404355,-0.13442379,-0.11713362,-0.116915286,-0.114304215,-0.114680946,-0.1133389,-0.10339832,-0.02941072,-0.13766491,-0.026516944,-0.11941111,-0.0012794137,-0.015863836,0.0012794435,0.015863895,0.15109885,0.033618808,0.14892805,0.039589405,0.2710876,0.111424446,0.28205544,0.10708588,1
-0.09165241,-0.11987829,-0.09732582,-0.13326293,-0.08949615,-0.12795776,-0.12216608,-0.15869367,-0.098444596,-0.14085656,-0.11997926,-0.14213389,-0.11932127,-0.12302661,-0.123542875,-0.11785877,-0.12291996,-0.10640603,-0.036099494,-0.1387738,-0.03194627,-0.11784214,-0.0024730265,-0.016412199,0.0024730265,0.016412199,0.15409169,0.04037541,0.15422639,0.04489553,0.27386513,0.119089186,0.28165254,0.10839504,1
0.010958284,-0.09752089,0.0066806674,-0.11047274,0.010171026,-0.10798186,-0.037461847,-0.13505864,-0.018224388,-0.12353915,-0.075482756,-0.12518919,-0.06988844,-0.11127877,-0.10761286,-0.116315305,-0.11275186,-0.11504954,-0.03431028,-0.13946283,-0.032364488,-0.1254803,-0.0050067008,-0.015939355,0.0050067008,0.015939355,0.15004155,0.025698721,0.14989176,0.031224847,0.27483985,0.10133815,0.2850928,0.09184551,1
-0.09212017,-0.11405212,-0.09839034,-0.12820494,-0.08926138,-0.12320882,-0.12608036,-0.15159494,-0.100023985,-0.13552946,-0.12323359,-0.12497091,-0.12005304,-0.108151734,-0.11381146,-0.112778485,-0.11196633,-0.10576451,-0.02563101,-0.124207795,-0.023373783,-0.10879296,-0.004306048,-0.015457213,0.0043060184,0.015457153,0.14355141,0.0370484,0.14958495,0.033510566,0.2847926,0.11372304,0.29389668,0.089019,1
-0.052681863,-0.08878654,-0.0579392,-0.10199189,-0.049836725,-0.099234045,-0.08648066,-0.12713844,-0.06562486,-0.11827648,-0.0967232,-0.12012726,-0.10112843,-0.107447386,-0.089915186,-0.10899162,-0.112824395,-0.10278839,-0.01401636,-0.11312497,-0.02284354,-0.09785408,-0.0019759834,-0.016601622,0.0019759536,0.016601682,0.14605322,0.0079301,0.14985427,0.025243938,0.27525395,0.092823386,0.2795931,0.09963119,1
-0.042452693,-0.066425204,-0.04706472,-0.08019066,-0.0406031,-0.0764451,-0.07591736,-0.10415059,-0.059493423,-0.09323686,-0.09211548,-0.10113853,-0.09164922,-0.08611268,-0.088767365,-0.09518182,-0.100184515,-0.08873093,-0.020051986,-0.09811491,-0.026308805,-0.087065816,-0.0030795932,-0.016587377,0.0030795634,0.016587436,0.13833717,0.012039185,0.1451638,0.03101015,0.27783245,0.09701061,0.28039432,0.10580814,1
-0.11518863,-0.084442854,-0.122365385,-0.10064441,-0.11140278,-0.09639776,-0.14870098,-0.12291527,-0.11792117,-0.10816473,-0.14901713,-0.08501303,-0.11805396,-0.06577265,-0.10748805,-0.08588427,-0.07365109,-0.079235315,-0.011453062,-0.075205624,-0.0020241737,-0.07200414,-0.01403439,-0.0171749,0.014034361,0.01717496,0.16866153,0.039345026,0.18124971,0.04607612,0.32955098,0.11740649,0.31640065,0.10880536,1
-0.04714647,-0.070629716,-0.050587177,-0.082706034,-0.042914838,-0.08013648,-0.076068446,-0.10364658,-0.055377066,-0.09500152,-0.09149484,-0.101643145,-0.08675413,-0.087857604,-0.09665461,-0.09370202,-0.10110764,-0.08952761,-0.02302742,-0.0867157,-0.031462967,-0.08478737,-0.0042721927,-0.015403807,0.0042721927,0.015403748,0.1333518,0.02521491,0.13776845,0.038405478,0.26649886,0.10440439,0.2716465,0.10743487,1
-0.028062433,-0.08822876,-0.032738447,-0.09842718,-0.022432178,-0.09837258,-0.0660685,-0.11709875,-0.036947608,-0.11217815,-0.08804062,-0.111328125,-0.07835463,-0.099105835,-0.10313386,-0.10413349,-0.10664433,-0.09913921,-0.029258847,-0.10174066,-0.036449492,-0.09812105,-0.0061810017,-0.015065134,0.0061810017,0.015065134,0.1467669,0.030028284,0.14951935,0.039109588,0.26655048,0.11007619,0.26970875,0.108967245,1
-0.057475805,-0.07657361,-0.06277919,-0.088348806,-0.05320373,-0.087055326,-0.09574786,-0.11089826,-0.07044318,-0.103892446,-0.10958539,-0.10816312,-0.10091016,-0.09045082,-0.104433686,-0.1049149,-0.109945595,-0.09207219,-0.03027901,-0.0980314,-0.037219763,-0.09354389,-0.005690694,-0.01671958,0.005690694,0.01671958,0.14006394,0.032597065,0.14408267,0.04836154,0.2710846,0.113542855,0.27045,0.11721194,1
-0.009482235,-0.11364257,-0.006409824,-0.12765604,-0.0049476027,-0.12851602,-0.02959019,-0.14985764,-0.02229929,-0.15033942,-0.052545995,-0.13697708,-0.074586615,-0.13046294,-0.07899605,-0.106949866,-0.09732774,-0.111202896,-0.026404083,-0.08723283,-0.025740117,-0.105888784,0.0057046115,-0.01403898,-0.0057045817,0.01403892,0.16170397,0.03903818,0.15085503,0.0504331,0.28866422,0.12754357,0.29546452,0.1369654,1
-0.013058662,0.0006852746,-0.01429534,-0.0077511743,-0.017762005,-0.0045275297,-0.012593925,-0.0042566303,-0.030314445,0.002685532,-0.0061027408,-0.005034279,-0.030944705,-0.007613154,-0.063512206,0.004343584,-0.06927848,-0.008849358,-0.106066406,0.066630855,-0.09789777,0.061345447,0.009323001,0.0023042355,-0.0093230605,-0.0023042355,-0.05526352,-0.016912159,-0.065369844,-0.015805578,-0.09616178,0.05478851,-0.09437764,0.05858917,1
-0.03864348,-0.0045687556,-0.037680507,-0.013161738,-0.04280442,-0.010460758,-0.031615376,-0.009494705,-0.053402245,-0.0049003474,-0.01576227,-0.0071710907,-0.047806203,-0.010982377,-0.04480928,0.020539882,-0.05538243,0.008667523,-0.07164186,0.07993257,-0.062456787,0.0786203,0.012275815,0.0016344506,-0.012275815,-0.0016344506,-0.03385049,0.00047584064,-0.05188507,0.003030846,-0.056940675,0.056477077,-0.05998844,0.06429986,1
-0.068753004,0.009399223,-0.07091302,0.001954468,-0.06954712,0.0050053997,-0.057997465,-0.0028759679,-0.063224435,0.0026721796,-0.029068768,-0.004925398,-0.046716213,-0.012839281,-0.03445959,0.03360342,-0.041832983,0.007948442,-0.05354029,0.099227,-0.052829504,0.08779141,0.0061481,0.0029381951,-0.0061481,-0.0029381951,-0.04093194,0.0051516416,-0.050469756,-0.0006702384,-0.04692793,0.08266683,-0.050083518,0.07677632,1
-0.08284581,0.008037185,-0.08664477,0.0019322839,-0.08320391,0.005653616,-0.07989019,-0.0010469127,-0.08108473,0.0056556705,-0.049039125,-0.0038278382,-0.067632675,-0.007834629,-0.06859559,0.029800694,-0.07385516,0.013081208,-0.08304787,0.08718672,-0.08234894,0.084003784,0.007037461,0.0023138952,-0.007037401,-0.0023138952,-0.07170868,0.021447733,-0.08325547,0.016463611,-0.07770288,0.06654828,-0.08285713,0.0589749,1
-0.059231937,-0.016037432,-0.06309104,-0.022622613,-0.06105405,-0.017306212,-0.05540198,-0.02452844,-0.061162233,-0.013533631,-0.010682821,-0.024944264,-0.06003207,-0.017863257,0.031039774,-0.013469862,-0.06684184,0.011935942,0.05722606,-0.009431696,-0.074980855,0.07195839,0.014692843,0.000863757,-0.014692783,-0.00086375326,-0.053980827,0.023256265,-0.0752188,0.020229671,-0.06536394,0.048771888,-0.07300383,0.043220244,1
-0.11096209,-0.011537001,-0.11799812,-0.017182756,-0.10367024,-0.014454244,-0.10903132,-0.024031986,-0.076425314,-0.02100753,-0.07007235,-0.021392232,-0.051767766,-0.034875646,-0.073001444,0.027754117,-0.059735417,-0.019027803,-0.083874345,0.08518933,-0.081080556,0.03252058,-0.005743742,0.0038301349,0.0057438016,-0.0038301349,-0.076269984,0.026097398,-0.068877816,0.022832952,-0.073322654,0.05445188,-0.074961305,0.048712526,1
-0.031979203,-0.0057584755,-0.028545499,-0.016835656,-0.03930205,-0.011370253,-0.002173543,-0.018618623,-0.046876073,-0.0051826295,0.05410683,-0.016739493,-0.066545606,-0.020526638,0.102086306,-0.017976044,-0.119894326,-0.03467586,0.11652458,-0.020813886,-0.15306008,-0.026925817,0.037714124,0.0044545755,-0.037714124,-0.0044545718,-0.0009146929,0.058776245,-0.06603813,0.042985335,-0.0313828,0.0738751,-0.06702274,0.056672856,1
-0.028896928,-0.009683134,-0.025413811,-0.021035817,-0.037582338,-0.01621672,0.00056767464,-0.022146245,-0.047826886,-0.009758994,0.055124283,-0.018188752,-0.07052493,-0.022998115,0.096885085,-0.021344913,-0.12468237,-0.03303854,0.11879039,-0.008205228,-0.15844399,-0.025288165,0.03933978,0.0045065098,-0.03933978,-0.004506506,0.01209569,0.10845345,-0.058611214,0.084115446,-0.014303207,0.11698355,-0.05976659,0.08268876,1
-0.037828386,0.015361562,-0.030732512,0.007978559,-0.04489827,0.010648871,0.0034191012,0.012648327,-0.05299306,0.019494137,0.06623989,0.000693718,-0.075395525,-0.0065247463,0.12439096,-0.014863277,-0.11431193,-0.014863277,0.120459914,0.010501472,-0.17073303,-0.014863277,0.04399395,0.0061946306,-0.04399389,-0.0061946316,0.01183033,0.14138134,-0.0515486,0.11510419,-0.024476647,0.15649866,-0.03329301,0.1289004,1
-0.07282561,-0.0021196678,-0.06881571,-0.011191154,-0.07950652,-0.0069199316,-0.03828454,-0.017528335,-0.084177494,-0.0070633255,0.03866726,-0.02432224,-0.09826231,-0.030183284,0.10988957,-0.029977854,-0.13463283,-0.03082726,0.10925585,0.009614708,-0.18289119,-0.013114857,0.041651428,0.0064426493,-0.041651487,-0.0064426493,-0.0065073967,0.13075013,-0.0654186,0.09843532,-0.03643799,0.16281888,-0.044013202,0.12227201,1
-0.028922558,0.019218229,-0.023936808,0.009967208,-0.037398577,0.014553998,0.008079231,0.002052933,-0.050631583,0.01355705,0.07627022,-0.015999112,-0.08138424,-0.022983234,0.13644391,-0.022983234,-0.12769288,-0.022983234,0.12391013,0.033486817,-0.16077942,0.019104097,0.048755944,0.0059229843,-0.048755944,-0.005922986,0.011218071,0.14669205,-0.051072955,0.12371543,-0.032205522,0.18154815,-0.03686726,0.1543553,1
0.013265014,-0.010927143,0.019033432,-0.019624716,0.006359458,-0.017841313,0.04775238,-0.026095985,-0.007739663,-0.020527164,0.09698367,-0.035753995,-0.052069902,-0.038849138,0.13258022,-0.038849138,-0.12609708,-0.038849138,0.114549816,0.03326793,-0.16015205,0.02630005,0.04596311,0.0062206835,-0.04596317,-0.0062206797,0.015803814,0.11068275,-0.04398495,0.08989387,-0.044534624,0.19169587,-0.049364865,0.16968858,1
-0.000109255314,-0.01675531,0.0054379106,-0.02523559,-0.005606234,-0.023239717,0.035177708,-0.031407785,-0.017723918,-0.026643118,0.09319401,-0.0402016,-0.06349534,-0.0402016,0.1355437,-0.0402016,-0.13069499,-0.0402016,0.112012625,0.044370834,-0.1587064,0.044257868,0.048385978,0.0075261444,-0.048385978,-0.0075261444,-0.000582695,0.13212548,-0.06599414,0.10038154,-0.04393351,0.2245262,-0.050248384,0.18359378,1
0.004752815,-0.05899201,0.006368339,-0.068115555,-0.00073844194,-0.06272059,0.030535877,-0.07011798,-0.0112451315,-0.06304226,0.09304333,-0.07011798,-0.057715535,-0.07011798,0.13747519,-0.06765103,-0.12531793,-0.07011798,0.11291546,0.029398493,-0.1547766,0.02746135,0.04555607,0.0060088113,-0.04555607,-0.0060088113,-0.008478522,0.13407485,-0.0585891,0.10913013,-0.04904419,0.21740004,-0.044727743,0.18134385,1
0.010619342,-0.06027751,0.013366938,-0.069272004,0.0053705573,-0.064742066,0.039416313,-0.0737753,-0.005609393,-0.06673168,0.09883696,-0.0737753,-0.055015326,-0.0737753,0.13756078,-0.065301664,-0.12543273,-0.0737753,0.102825046,0.03691096,-0.14966094,0.032111883,0.046718597,0.0059048906,-0.046718597,-0.0059048906,-0.004908979,0.13756606,-0.054004073,0.120018564,-0.055523455,0.2223584,-0.046462417,0.20064867,1
0.012563109,-0.054054,0.02005285,-0.06352783,0.0063203573,-0.061304882,0.051890194,-0.06939069,-0.007598877,-0.06443731,0.10032219,-0.07097085,-0.056972146,-0.07097085,0.12798923,-0.04947604,-0.13573712,-0.07097085,0.084575295,0.057049215,-0.15997851,0.051027574,0.04869181,0.00404948,-0.04869175,-0.0040494874,9.36389e-05,0.14325587,-0.055415034,0.15029898,-0.071130395,0.18947406,-0.06116706,0.21457462,1
-0.0034794807,-0.07553619,0.006579876,-0.08685019,-0.010936081,-0.087340154,0.037310123,-0.09288561,-0.028412819,-0.093044,0.079719305,-0.0967293,-0.061388433,-0.10230346,0.13530785,-0.067791246,-0.1338265,-0.092391476,0.09191036,0.037809774,-0.16082191,0.02013179,0.04462409,0.0020404458,-0.04462415,-0.0020404533,0.008089781,0.09296182,-0.04624164,0.11955671,-0.06938279,0.14403613,-0.06891078,0.19355206,1
0.016770184,-0.109869346,0.024739563,-0.1194324,0.011095226,-0.11890293,0.056137085,-0.12009062,-0.00030475855,-0.12009062,0.10309243,-0.1142162,-0.046512246,-0.12009062,0.13877726,-0.072740644,-0.11990428,-0.10449102,0.091177225,0.04031098,-0.14659739,0.0156234205,0.046913087,0.003420122,-0.046913147,-0.003420122,0.028642833,0.09318878,-0.034271657,0.11121048,-0.066147804,0.1359392,-0.060795486,0.18337865,1
0.04176247,-0.105874896,0.049964488,-0.1155076,0.03620726,-0.11662891,0.07886577,-0.122746214,0.02323091,-0.12287263,0.11677712,-0.11543286,-0.024574101,-0.13296497,0.14550209,-0.07584698,-0.10701805,-0.1283481,0.09754956,0.030022547,-0.14892405,-0.0067935884,0.043337524,0.006793037,-0.043337464,-0.006793052,0.010661244,0.08794619,-0.032093287,0.08697431,-0.07287693,0.14307532,-0.058513522,0.15603784,1
0.062189102,-0.09527971,0.07311642,-0.10566282,0.05769652,-0.11023437,0.10183555,-0.119403794,0.045455277,-0.12930864,0.12647009,-0.10763556,-0.007438183,-0.13905759,0.14315563,-0.05150032,-0.09603,-0.1230975,0.10172826,0.039984956,-0.137146,-0.0021906197,0.04005027,0.009503484,-0.04005027,-0.009503484,0.009056151,0.10627167,-0.037313163,0.097897306,-0.07058793,0.13866891,-0.058331132,0.15167917,1
0.07920891,-0.086426005,0.09769505,-0.09854855,0.07439017,-0.11016229,0.13323337,-0.114479356,0.061294913,-0.14083168,0.14114833,-0.0787763,0.0041321516,-0.14083168,0.12445867,0.03316295,-0.08466673,-0.1151708,0.0932948,0.07954055,-0.11334288,-0.0082663,0.041384578,0.019037917,-0.041384578,-0.019037902,0.018569767,0.15332675,-0.04181856,0.10896087,-0.048155665,0.1528903,-0.049340308,0.13404223,1
0.06602126,-0.07040946,0.07825303,-0.082899146,0.057910025,-0.09001562,0.10871005,-0.09712076,0.041789055,-0.11063518,0.1203171,-0.07773839,-0.0033208132,-0.12240885,0.10006815,-0.0036503077,-0.10188705,-0.110377826,0.054940462,0.08431597,-0.14975291,-0.008211628,0.037653744,0.011413395,-0.037653744,-0.01141341,0.041680336,0.069616884,-0.008657873,0.05148764,-0.07005221,0.11949086,-0.070584476,0.12563607,1
0.042240083,0.0039329156,0.060296595,-0.010797538,0.033869743,-0.02267953,0.099595845,-0.04162681,0.020136893,-0.069435865,0.10773772,-0.02420444,-0.01595503,-0.10585684,0.04690981,0.10617681,-0.109490514,-0.08633231,-0.061251163,0.18103187,-0.142479,0.0256183,0.03837174,0.019901007,-0.03837174,-0.019901,0.021465063,0.12810479,-0.038591444,0.08570622,-0.06650394,0.15274583,-0.07813287,0.13754992,1
0.0453009,-0.00020673871,0.073996186,-0.017064646,0.034247518,-0.032971755,0.11467856,-0.059027,0.0102850795,-0.09895825,0.12743795,-0.08133115,-0.043684483,-0.143385,0.15006721,0.0055098087,-0.11319107,-0.117382005,0.101383865,0.104294494,-0.12849176,0.0070432127,0.05640155,0.013193637,-0.05640149,-0.013193637,0.075671494,0.14291982,-0.083979845,0.12660296,0.04752457,0.096828714,-0.072527826,0.11859979,1
0.058181763,-0.020201474,0.08366293,-0.03818825,0.045015156,-0.05149135,0.12022489,-0.09179476,0.018299103,-0.12374692,0.13274968,-0.11609278,-0.04890567,-0.1565982,0.1426121,-0.0028978437,-0.12451017,-0.06782495,0.11141801,0.09538275,-0.11135888,0.031340048,0.06006819,0.0065829307,-0.06006825,-0.006582916,0.093346596,0.12786642,-0.07866758,0.12590447,0.056052744,0.06928077,-0.06895751,0.09486258,1
0.065775454,0.010865644,0.09314436,-0.006965399,0.053173423,-0.023258626,0.12868148,-0.056056023,0.024159193,-0.09460726,0.13885444,-0.083549134,-0.049189687,-0.113137655,0.1472807,0.021232873,-0.09824157,0.005799949,0.11723113,0.13328107,-0.061367393,0.13040529,0.06119871,0.0053777993,-0.06119871,-0.0053777993,0.10301411,0.11508231,-0.081000805,0.10369341,0.063807786,0.08808182,-0.070702255,0.10037373,1
0.081764996,-0.0062617213,0.10650587,-0.020164788,0.07197106,-0.036974996,0.14044642,-0.07111733,0.048210442,-0.11022454,0.14529032,-0.08902053,-0.02026391,-0.1372422,0.16139132,0.011948973,-0.08467007,-0.061645463,0.13333791,0.1116972,-0.07086444,0.04338333,0.05373484,0.009346232,-0.05373484,-0.009346232,0.104471266,0.104952365,-0.052951217,0.09130511,0.05600059,0.036546335,-0.05702442,0.051258147,1
0.078780055,-0.0038196892,0.10090053,-0.017614499,0.07071781,-0.031442627,0.1329416,-0.068733335,0.048249602,-0.10306212,0.14054143,-0.09027067,-0.016431808,-0.13659865,0.16239655,0.01296863,-0.111762166,-0.08485119,0.13038641,0.12203145,-0.108704925,-0.06932394,0.05158001,0.009074822,-0.05158001,-0.009074822,0.07482076,0.1088703,-0.07401413,0.11473724,-0.0030019283,0.0413526,-0.10253084,0.077059686,1
0.08214885,-0.0010173321,0.103961945,-0.015320584,0.073782146,-0.027601436,0.13570982,-0.06748253,0.05038154,-0.09894551,0.14134121,-0.0934127,-0.016595304,-0.13532074,0.16280842,0.010109127,-0.11550701,-0.07945585,0.13461685,0.13357301,-0.10312182,-0.06297094,0.052048862,0.0073748976,-0.052048802,-0.0073748976,0.07036269,0.108989134,-0.07657659,0.12347759,-0.0024836063,0.04600154,-0.09992206,0.08901881,1
0.08710426,0.04094711,0.104460835,0.022985414,0.07555908,0.017655492,0.12929523,-0.03467694,0.046455145,-0.04897353,0.13904625,-0.066528484,-0.020941496,-0.080057755,0.16382682,0.03552319,-0.09906888,0.017310292,0.13354158,0.16221952,-0.09550196,0.1287263,0.05340302,0.0009255707,-0.05340296,-0.0009255856,0.096036136,0.1295323,-0.068794966,0.15322441,0.06454337,0.071229696,-0.085442305,0.121337324,1
0.058244884,0.03810212,0.077843964,0.019838601,0.04721278,0.013064653,0.10763651,-0.035494044,0.02172792,-0.052663818,0.13092369,-0.06788218,-0.044904888,-0.076402724,0.155101,0.039895862,-0.106728435,0.04102865,0.11473191,0.15591234,-0.10775775,0.16608235,0.058674753,0.0013540983,-0.058674753,-0.0013540834,0.10916656,0.1217418,-0.07830435,0.12504983,0.089464486,0.07909867,-0.073075235,0.10160488,1
0.06129551,0.030761674,0.08281541,0.014411256,0.049595654,0.0046404153,0.11645603,-0.039350912,0.02600032,-0.061501563,0.13367152,-0.07059282,-0.035344303,-0.08978304,0.15636295,0.045184657,-0.10364121,0.028471842,0.12929249,0.15578158,-0.10376489,0.1632721,0.055497468,0.0028172582,-0.055497408,-0.0028172582,0.1039958,0.12523456,-0.06457424,0.13567783,0.058487058,0.058346525,-0.07794893,0.10072304,1
0.06286138,0.07107091,0.07904762,0.054304063,0.05146432,0.049823076,0.1051988,0.003430128,0.025985837,-0.007724896,0.12794751,-0.028136402,-0.036326945,-0.040149137,0.15438813,0.07803723,-0.096502066,0.06649116,0.121787846,0.18891817,-0.09444064,0.21359587,0.054735243,0.0016846955,-0.054735243,-0.0016846955,0.105846226,0.12856036,-0.07123947,0.13591692,0.08944315,0.10193983,-0.07811099,0.13264233,1
0.06193328,0.07054332,0.07962549,0.053714633,0.05107653,0.048461616,0.106684625,0.0027353764,0.026095688,-0.010407716,0.1271792,-0.031875044,-0.033911645,-0.039663658,0.15807945,0.0649825,-0.08797032,0.063996285,0.12374407,0.17620087,-0.09244919,0.20957708,0.053890944,0.000799194,-0.053891003,-0.0007992089,0.109965086,0.12401843,-0.067976,0.13464713,0.09712601,0.09218514,-0.07128042,0.12856355,1
0.056203783,0.09664369,0.074385524,0.0793753,0.04352528,0.073447645,0.09967369,0.029067367,0.013545632,0.013228774,0.118241906,-0.010444343,-0.0450989,-0.029545054,0.15219456,0.07424128,-0.103361666,0.040872872,0.117999494,0.19506848,-0.10749006,0.18033984,0.05401951,0.0024893433,-0.05401957,-0.0024893582,0.10207009,0.14518774,-0.06806034,0.15444595,0.09274912,0.123707354,-0.06712139,0.1598888,1
0.03183061,0.10793236,0.052504838,0.09182167,0.022510171,0.08309549,0.08409667,0.046385467,0.00019347668,0.024192482,0.10821152,0.0048761666,-0.055000424,-0.009493962,0.14268208,0.10097742,-0.107515275,0.09137902,0.10627967,0.20320436,-0.10695416,0.20785952,0.053677022,0.002543226,-0.053676963,-0.0025432408,0.092285454,0.15414265,-0.078876376,0.15894118,0.078427434,0.14048243,-0.071956396,0.1716257,1
0.06298405,0.14876091,0.0817579,0.1273627,0.048007965,0.12522987,0.10897392,0.07523826,0.016504228,0.06820512,0.1271854,0.02437,-0.047785103,0.030457646,0.15465659,0.11930862,-0.101225376,0.14727968,0.12548286,0.22030714,-0.0799526,0.24130195,0.0574373,-0.0032018274,-0.0574373,0.0032018423,0.10651463,0.14652172,-0.07136357,0.16032204,0.10672343,0.12625152,-0.053970635,0.1512304,1
0.07584548,0.15399268,0.094041884,0.13485733,0.06372851,0.13242444,0.12044799,0.08707985,0.03680694,0.080070645,0.1348542,0.036869377,-0.024462938,0.044979513,0.16497135,0.13631734,-0.066661894,0.17090794,0.13552421,0.21431914,-0.060168624,0.25602862,0.05235946,-0.002717182,-0.05235946,0.002717197,0.1028741,0.14900795,-0.061363578,0.16473085,0.10596198,0.12801239,-0.047270656,0.1641112,1
0.08142394,0.18215314,0.098566055,0.16202009,0.06782794,0.16095391,0.123108685,0.11622906,0.036533356,0.11224413,0.13649356,0.060201198,-0.02635175,0.07122892,0.17320228,0.13700959,-0.06941706,0.1779334,0.14382136,0.21565604,-0.0511747,0.2616986,0.05397886,-0.0036350638,-0.05397886,0.0036350489,0.10921866,0.14688894,-0.060987473,0.16345018,0.115606904,0.13700104,-0.047034264,0.16778454,1
0.081992865,0.1966173,0.09780675,0.17515188,0.066856146,0.1755918,0.119754374,0.12153867,0.031440735,0.12016386,0.13116252,0.061226368,-0.027488649,0.07170537,0.16962987,0.119312555,-0.07186484,0.15714112,0.15989667,0.20150337,-0.05520618,0.24700764,0.052621067,-0.0032700896,-0.052621067,0.0032700896,0.09334391,0.13747042,-0.07171345,0.15131825,0.100991845,0.115195096,-0.065550566,0.13794973,1
0.0685544,0.20831543,0.085069776,0.18768254,0.054845273,0.18694565,0.10978931,0.13779968,0.022798002,0.13458067,0.12557226,0.07120904,-0.03306842,0.08703661,0.1632483,0.12049478,-0.07299912,0.17224562,0.1444143,0.20604575,-0.061008096,0.23944545,0.05282259,-0.0029088557,-0.05282253,0.0029088557,0.091741145,0.15153268,-0.074818134,0.15550134,0.09448409,0.14166722,-0.066019,0.1475997,1
0.0950529,0.25988084,0.10692859,0.24394129,0.08333504,0.24238293,0.1226747,0.19585197,0.04747784,0.19209243,0.13204116,0.111378476,-0.020560086,0.13329403,0.17819989,0.13030411,-0.070402026,0.20843463,0.1582557,0.21408604,-0.040082514,0.27534074,0.05002588,-0.0057561696,-0.05002588,0.0057561696,0.09859711,0.14935194,-0.0607754,0.17339794,0.0844239,0.14143713,-0.064887345,0.17424576,1
0.13955706,0.19399613,0.13682032,0.18289956,0.13984287,0.18844873,0.110366225,0.15351662,0.10925686,0.165894,0.070475936,0.10024956,0.031035066,0.11929771,0.030006707,0.094273746,-0.078831494,0.12939447,-0.0011086464,0.20115542,-0.021450102,0.20923004,0.013190806,-0.008085728,-0.0131908655,0.0080857575,0.036901653,0.09733546,-0.008597612,0.11163199,0.122020125,0.17772043,0.0474447,0.15690383,1
0.060585678,0.24807805,0.06355333,0.23879367,0.05660695,0.23805624,0.06258154,0.20106685,0.029012144,0.1976408,0.052454352,0.12534103,-0.042093933,0.1292296,0.015586078,0.13590041,-0.14259538,0.16646877,-0.032475352,0.22373584,-0.07071978,0.23273703,0.03343588,-0.0053001046,-0.03343588,0.005300075,0.061425984,0.14873913,-0.055235207,0.15631175,0.101745486,0.214679,-0.025363207,0.19877985,1
0.05821705,0.26263228,0.07528621,0.24378762,0.04109782,0.23734614,0.09807181,0.20237002,-0.004191458,0.18633783,0.106836915,0.13943931,-0.06252879,0.10722312,0.08960068,0.18023711,-0.13181227,0.11907068,-0.023872077,0.21988347,-0.10489291,0.18957815,0.057047784,0.006910652,-0.057047784,-0.006910652,0.080583215,0.15801385,-0.08506328,0.1396445,0.078582585,0.12736115,-0.0764429,0.11366376,1
0.056454718,0.2420184,0.067591906,0.22679138,0.042470098,0.22358948,0.08812988,0.18243313,0.008444965,0.17232537,0.1062482,0.120869786,-0.051746845,0.08683491,0.1500327,0.13982922,-0.14130184,0.07872322,0.14188719,0.20966625,-0.10715467,0.18128142,0.051751256,0.0050825477,-0.051751256,-0.0050825477,0.08706313,0.17602521,-0.078538954,0.17122242,0.074237406,0.17743832,-0.09959966,0.17901906,1
-0.016783357,0.14089,-0.023294568,0.13998765,-0.0024283528,0.13489944,-0.045526087,0.11674261,0.015619516,0.10968709,-0.074112654,0.08967984,0.018696606,0.07168326,-0.13378078,0.041645527,-0.06317854,-8.431077e-05,-0.1428099,0.08385411,-0.14268276,0.059994817,-0.033599913,0.0035328865,0.033599854,-0.0035328567,-0.012074888,0.09087795,0.047898054,0.06880805,0.03849888,0.06260234,0.06934267,0.039470047,1
-0.0010588765,0.25005588,0.014257193,0.23257479,-0.012122095,0.22864315,0.04434085,0.1836988,-0.03604275,0.17295203,0.053944588,0.11442399,-0.07100248,0.0925501,-0.019869983,0.08838463,-0.15626198,0.045831442,-0.14900178,0.11378288,-0.15998867,0.13052595,0.04291445,0.0053304434,-0.04291439,-0.0053304434,0.03438747,0.15141791,-0.08935243,0.13600105,0.030640244,0.09405649,-0.09055686,0.08857927,1
-0.03763783,0.3059642,-0.027340531,0.29170725,-0.04910183,0.29089364,0.00059860945,0.22949186,-0.0730083,0.22636697,0.053444326,0.12361431,-0.12244254,0.109363705,0.16060215,0.09477273,-0.20088416,0.10268605,0.19080412,0.042508245,-0.1995337,0.19405213,0.05913323,-0.00084641576,-0.05913329,0.00084641576,0.13244748,0.16123751,-0.07777321,0.17127368,0.18707985,0.0804348,-0.053227186,0.110651016,1
-0.057928443,0.30394584,-0.05344236,0.2947955,-0.063322306,0.29334503,-0.032604694,0.23266447,-0.07953137,0.22996193,0.022873819,0.10792062,-0.13040131,0.121156126,0.10910201,0.034596145,-0.21979693,0.12603953,0.13598847,0.018527657,-0.21569708,0.23827624,0.05274123,-0.0049936175,-0.05274129,0.0049936473,0.108483136,0.17581153,-0.09784597,0.18104768,0.15317577,0.16028982,-0.09072256,0.16445822,1
-0.011336446,0.26145715,0.0017482638,0.24586493,-0.025542855,0.23869735,0.02373916,0.19655365,-0.0600546,0.17999518,0.03341621,0.10491347,-0.097189546,0.08587456,-0.06431347,0.08229315,-0.18100542,0.069992304,-0.17575267,0.13880354,-0.19007558,0.16209453,0.04777074,0.0059829354,-0.04777074,-0.0059829354,0.04407102,0.195975,-0.11414248,0.14884293,0.04512757,0.201366,-0.12345034,0.1313116,1
-0.0015664697,0.28392047,0.011364579,0.2734468,-0.01009953,0.26193255,0.027892232,0.22772563,-0.038110554,0.20098805,0.01996398,0.13043094,-0.07109946,0.10336435,-0.08934957,0.08360827,-0.15918082,0.06825632,-0.15776134,0.13129383,-0.17454866,0.15504867,0.034716785,0.008087188,-0.034716785,-0.008087218,0.027834177,0.1897465,-0.10970384,0.13336551,0.031009018,0.18233812,-0.13155675,0.10271078,1
0.0027647614,0.2781214,0.013147891,0.26485187,-0.006942868,0.25555706,0.024933994,0.21759385,-0.037727058,0.1977902,0.012789369,0.12712663,-0.059470177,0.10481447,-0.090387166,0.081707716,-0.13484949,0.06472194,-0.14264387,0.12952393,-0.16219264,0.14350307,0.027509272,0.007691711,-0.027509332,-0.0076916814,0.013345003,0.19433594,-0.09530294,0.14056844,0.018652976,0.18850619,-0.12631357,0.1089192,1
-0.0010480285,0.22761577,0.006969869,0.2223916,-0.0035647154,0.21418554,0.02664429,0.18371576,-0.013491213,0.16420507,0.022108495,0.10665381,-0.045841813,0.079455316,-0.08816266,0.0681119,-0.144294,0.050373197,-0.15567529,0.10158372,-0.16592097,0.116636276,0.027875364,0.00865674,-0.027875364,-0.00865677,0.018119574,0.15316355,-0.10632819,0.09610635,0.013311863,0.17290229,-0.13629824,0.091777265,1
0.043862104,0.20178467,0.05454862,0.1918059,0.037021518,0.18198049,0.06425005,0.15475345,0.009104371,0.13267863,0.055535376,0.08759409,-0.021974802,0.06600428,-0.023278236,0.052066267,-0.10133141,0.030958652,-0.12556985,0.102262855,-0.14169592,0.116865516,0.02656269,0.009693027,-0.026562631,-0.009693027,-0.018786192,0.13305587,-0.0983116,0.092345715,-0.042650044,0.11286801,-0.12424439,0.062081754,1
0.053097546,0.1057713,0.060990095,0.09377754,0.041698873,0.08726686,0.07754147,0.090697885,0.026096106,0.077629626,0.060052633,0.073275924,0.047467887,0.04889351,0.040640116,-0.02319777,0.033997536,-0.06555444,-0.09229356,-0.087583005,-0.09543145,-0.09507996,0.0066880584,0.013005853,-0.006688118,-0.013005853,0.010138452,-0.005021572,-0.019856691,-0.040350556,-0.05146426,-0.04171741,-0.089236796,-0.07157874,1
-0.10099262,-0.02459836,-0.11636925,-0.023571372,-0.07766241,-0.026687264,-0.13508815,-0.010510862,-0.014553368,-0.017887652,-0.13832444,0.02733016,0.051412582,-0.012839675,-0.13743311,-0.08373344,0.014041841,-0.16879255,-0.13561964,-0.22522098,-0.10408282,-0.28593218,-0.06574321,0.011079431,0.06574315,-0.011079431,-0.07082915,-0.061539292,0.05231905,-0.102428794,-0.00082474947,-0.1200974,0.05407858,-0.18193036,1
-0.09370047,-0.10497761,-0.108554184,-0.103089154,-0.062458098,-0.10409367,-0.12233311,-0.06392521,0.025010765,-0.06685203,-0.13310862,0.0,0.090260446,-0.0074946284,-0.13200289,-0.09946567,0.03606367,-0.13344437,-0.1028865,-0.3167286,-0.07792103,-0.28184015,-0.077703655,0.0,0.077703655,0.0,-0.07510036,-0.11782235,0.052924335,-0.13943905,0.022598207,-0.18901432,0.0629518,-0.21816522,1
0.038409412,-0.013768733,0.019757569,-0.009562135,0.054926813,-0.0093593,-0.025092363,0.027053237,0.08319932,0.03357351,-0.074947774,0.06698346,0.1167385,0.06698346,-0.08376795,-0.057130337,0.086076975,-0.045265377,-0.056371927,-0.23145175,0.050569773,-0.15796989,-0.06586355,-0.00060749054,0.06586361,0.00060749054,-0.051261723,-0.13836783,0.07375896,-0.12596166,-0.014854908,-0.20682377,0.03374195,-0.19510382,1
0.012102604,-0.19435889,0.0125615,-0.20520544,0.012944937,-0.20569605,0.010118723,-0.1886676,0.020285845,-0.19186878,0.007775545,-0.102497935,0.01666683,-0.14009494,-0.017327905,-0.026912928,-0.01540041,-0.11534119,-0.027371526,-0.20943153,-0.05563593,-0.22597289,-0.006201029,0.009015322,0.006201029,-0.009015322,-0.051014304,-0.15439236,-0.012758017,-0.18402034,-0.012281358,-0.01191324,0.023159683,-0.045666456,1
0.0032621026,-0.19498867,-0.002747476,-0.20263392,0.0133605,-0.19976199,-0.018227637,-0.17927736,0.04737091,-0.17187482,-0.046707153,-0.11113399,0.077518344,-0.09327257,-0.07675767,-0.1265344,0.09474808,-0.06601083,-0.06327331,-0.23950261,0.08711481,-0.08770758,-0.04138881,-0.003673792,0.04138881,0.0036738515,-0.06078112,-0.18173629,0.026934505,-0.16980213,-0.04498303,-0.14096665,0.026600897,-0.12956911,1
-0.050872207,-0.27089953,-0.043613493,-0.28538775,-0.06489974,-0.28040028,-0.02644217,-0.2670701,-0.078819096,-0.25314176,0.015551031,-0.19137359,-0.09203905,-0.16103822,0.05171603,-0.16693282,-0.07429314,-0.074801266,0.012944996,-0.29230827,-0.03618127,-0.09148538,0.03459531,-0.0070844293,-0.03459531,0.0070844293,0.0730204,-0.06791538,0.009706199,-0.082191825,0.097244084,-0.0067914724,0.08392686,-0.044423938,1
0.034272492,-0.11997354,0.04371798,-0.12760526,0.021690786,-0.13263452,0.047210038,-0.097060144,-0.011689723,-0.10814381,0.052621126,-0.05118829,-0.04679823,-0.058877766,0.07482666,-0.110591054,-0.042894363,-0.115974486,0.02909702,-0.27583128,-0.04611534,-0.28787613,0.031790257,0.00075250864,-0.031790197,-0.00075250864,0.096143425,-0.10928291,0.023626566,-0.13356435,0.12336308,-0.10316098,0.087990284,-0.13846344,1
0.10293758,0.063369155,0.11280686,0.057183385,0.089753926,0.050708592,0.1100018,0.063369155,0.050544858,0.06061554,0.077103674,0.059876144,0.026238918,0.062321246,0.067289114,-0.08102661,0.014797926,-0.053765714,0.0022479892,-0.22582841,-0.025967538,-0.22209108,0.015953839,0.0019357204,-0.015953839,-0.00193578,0.056570172,-0.07604504,0.026621222,-0.10074943,0.048907995,-0.16978711,0.044467986,-0.20896333,1
-0.002408862,-0.02204287,0.0014628172,-0.033410966,-0.011739373,-0.03632015,0.009568989,-0.009569943,-0.02118975,-0.016799212,0.016564965,0.033545256,0.0055576563,0.02777183,0.06444943,0.025939941,0.060691297,0.018366575,-0.019772887,-0.17893988,-0.02923572,-0.18291402,0.0023864508,0.005027771,-0.0023864508,-0.0050277114,0.03350675,-0.038663983,0.027777195,-0.050219238,0.01796484,-0.12689048,0.020399153,-0.123389244,1
0.11907828,0.08626503,0.11751497,0.08555889,0.11633408,0.079586565,0.09227693,0.0981127,0.08598411,0.090669096,0.04817581,0.08265436,0.054566026,0.0981127,0.027082086,-0.0073957443,0.019049525,0.056084156,-0.013061166,-0.1606633,-0.021835208,-0.15602338,-0.002793491,-0.0030807853,0.0027935505,0.0030808449,0.022351027,-0.022245169,0.022301793,-0.016226292,-0.025734305,-0.173522,-0.017499745,-0.17378783,1
0.13781554,0.11709803,0.13984704,0.11588693,0.13732731,0.11193991,0.12392044,0.116369545,0.111484945,0.11212802,0.067429006,0.0927887,0.07440841,0.11579496,0.007533133,0.018285155,0.0076355934,0.09158063,-0.01527518,-0.0947451,-0.013156295,-0.052562296,-0.0019014478,-0.0039259195,0.0019014478,0.0039259195,0.0061831474,0.026259422,0.0057908297,0.046115816,-0.046575904,-0.1308353,-0.04686731,-0.10442197,1
0.16956341,0.051706135,0.18954813,0.057033718,0.17764437,0.03597486,0.19801086,0.09551132,0.17046499,0.04680884,0.12112045,0.09776801,0.12181115,0.068754375,0.043067157,0.017264366,0.051122725,-0.0045872927,0.029482245,-0.065155745,0.022135973,-0.06883323,-0.00035697222,0.00983721,0.00035703182,-0.00983721,0.039655983,-0.078118384,0.019807518,-0.088198125,-0.025547862,-0.10795522,-0.015225053,-0.0785743,1
0.15022755,0.002625227,0.1706829,0.013001621,0.16189665,-0.012745738,0.17936897,0.06041664,0.16087621,-0.0005785823,0.101578295,0.0631032,0.119383454,0.03406912,0.020016015,-0.024813354,0.053712845,-0.06383872,-0.02430743,-0.15730649,-0.01334393,-0.17119557,-0.0048303604,0.01311326,0.004830301,-0.01311332,0.023284614,-0.09565294,0.010550439,-0.10863608,-0.0404346,-0.15639627,-0.019649506,-0.120006084,1
0.16967934,0.020866275,0.1918475,0.03652495,0.18670887,0.0063918233,0.19871825,0.09024835,0.18877351,0.019607544,0.11409235,0.09024835,0.12647265,0.042889237,0.022586048,0.0018971562,0.031882763,-0.050008476,-0.0020535588,-0.12607396,0.0024932027,-0.1383779,-0.0027745962,0.013791859,0.0027745962,-0.0137918,0.046851575,-0.109492004,0.0227862,-0.11674017,-0.023044944,-0.13333362,-0.007940829,-0.08092886,1
0.098830104,-0.0018063784,0.11483085,0.00891459,0.11580002,-0.011141121,0.12512505,0.059540093,0.13157696,0.0113376975,0.06203872,0.07587576,0.10090768,0.050041616,-0.033901274,-0.0077647567,0.007879436,-0.05923873,-0.05914557,-0.13606107,-0.04853064,-0.1505788,-0.012811005,0.012256503,0.012811065,-0.0122564435,-0.026272357,-0.118828535,-0.02652347,-0.12084156,-0.063262165,-0.13995433,-0.05267155,-0.08934039,1
0.092865825,0.04341668,0.09633142,0.04372561,0.104510546,0.03562659,0.091015816,0.057489216,0.115332305,0.038933456,0.0468027,0.06937134,0.09428489,0.044692636,-0.041080356,-0.020189047,-0.0027331114,-0.048187494,-0.0904811,-0.13350523,-0.078894675,-0.1371203,-0.014683485,0.0091789365,0.014683425,-0.0091789365,-0.043489337,-0.05416739,-0.028271556,-0.06411201,-0.078146696,-0.1302414,-0.075185895,-0.12076908,1
0.10318047,0.07828355,0.11281496,0.06813723,0.08808833,0.069248915,0.12387395,0.088256836,0.052880764,0.088256836,0.1043272,0.088256836,0.026465476,0.08603847,0.020267904,-0.006167352,-0.07086456,-0.026809454,-0.11436087,-0.10044837,-0.15353084,-0.13331968,0.02526927,0.0065807104,-0.02526927,-0.00658077,-0.05261427,-0.030148923,-0.091864586,-0.037434936,-0.13465774,-0.1111809,-0.13389552,-0.11579585,1
0.13412213,-0.010205269,0.11456901,-0.016322553,0.14023209,-0.012250006,0.04735732,0.0058045983,0.1407547,0.021765172,-0.012285948,0.04800874,0.14261925,0.04800874,-0.07891697,-0.017637849,0.040457845,-0.028516948,-0.14230418,-0.15006572,-0.11130333,-0.1555937,-0.052300036,0.0018491149,0.052300036,-0.0018491149,-0.07154131,-0.106253624,0.0121949315,-0.093684435,-0.08301562,-0.124448,-0.0876748,-0.12175828,1
0.09407258,-0.016099036,0.08663374,-0.019845486,0.10616779,-0.017112017,0.063344836,0.0074207187,0.13455087,0.013132274,-0.0014624596,0.046235442,0.15612274,0.05559969,-0.083051205,-0.019318879,0.14570934,0.011911094,-0.116313934,-0.15102416,0.098544896,-0.06831354,-0.048914313,0.00055235624,0.048914313,-0.00055241585,-0.0826025,-0.10958338,-0.0141967535,-0.0907315,-0.07650328,-0.14254045,-0.06661385,-0.11507732,1
0.0025532246,0.028589666,-0.0063974857,0.030281007,0.01864171,0.028828561,-0.018146336,0.048454702,0.06163037,0.043441653,-0.041187406,0.06323129,0.0959363,0.058740914,-0.10876405,0.0004400015,0.122363985,0.0296942,-0.1447289,-0.12826067,0.13201183,0.016370118,-0.042133212,0.0049979687,0.04213327,-0.0049979687,-0.107230425,-0.08515662,-0.053046346,-0.087866426,-0.11120272,-0.11715919,-0.10938859,-0.11265659,1
-0.04971236,0.027613044,-0.05560392,0.023938715,-0.03279984,0.020074368,-0.04858476,0.024345756,0.020129502,0.013838589,-0.065022945,0.042322874,0.07510817,0.030872047,-0.14323318,-0.04492396,0.08755982,-0.017737806,-0.1862449,-0.17654306,0.08067173,-0.070096195,-0.042474926,0.008496523,0.042474866,-0.008496463,-0.12122828,-0.06928313,-0.07084346,-0.086744964,-0.14951664,-0.15659863,-0.14718378,-0.17311239,1
0.009433627,0.01079613,-0.004198611,0.0081015825,0.02459222,0.009761214,-0.031915903,0.018674672,0.06458974,0.022132993,-0.05294174,0.04566616,0.09307212,0.04461527,-0.11582166,-0.026704252,0.10092962,-0.013346374,-0.1548543,-0.15425092,0.09739256,-0.0937863,-0.047849894,0.0042295456,0.047849953,-0.0042295456,-0.10176325,-0.090721965,-0.024049938,-0.09979832,-0.09130919,-0.1359554,-0.072206795,-0.15019488,1
0.034281075,-0.00248003,0.023171842,-0.0060346723,0.050868332,-0.0037228465,-0.005439222,0.007360041,0.08967805,0.011861086,-0.038273454,0.039848924,0.1101228,0.048591316,-0.101356745,-0.031367004,0.13132596,-0.00969094,-0.13182807,-0.13997144,0.1318019,-0.12485623,-0.048866868,0.0011447668,0.048866868,-0.0011447668,-0.07719499,-0.08952129,0.0027080774,-0.08858693,-0.058035076,-0.1222108,-0.022740543,-0.11907685,1
0.026115656,-0.12513983,0.014257014,-0.12924618,0.042700946,-0.12514067,-0.028793752,-0.100010216,0.077869594,-0.08907193,-0.07072306,-0.033365488,0.09765339,-0.01575452,-0.119199455,-0.098327935,0.12718958,-0.075395346,-0.12375575,-0.17314517,0.12478566,-0.18303633,-0.057214797,-0.004043281,0.057214856,0.0040433407,-0.041900754,-0.13469821,0.06213355,-0.12574637,0.031653285,-0.08566725,0.09491736,-0.07237059,1
0.0474059,-0.07657099,0.031864822,-0.079654574,0.0584296,-0.07598281,-0.027084887,-0.05741,0.07997757,-0.046161473,-0.07149708,-0.015636384,0.09958011,-0.0047289133,-0.10915321,-0.09463674,0.13171685,-0.100195765,-0.10793823,-0.18239605,0.10511047,-0.21883982,-0.05902016,-0.0021739602,0.05902016,0.0021740198,-0.040478647,-0.13934767,0.07243627,-0.14584345,0.016067982,-0.10330832,0.09754592,-0.12205857,1
0.007694602,-0.17538887,-0.004995823,-0.17721319,0.018298745,-0.1797139,-0.050709903,-0.14736253,0.047971845,-0.1493482,-0.0937556,-0.08208233,0.08181083,-0.08641958,-0.14358011,-0.13735723,0.1262086,-0.15873384,-0.127473,-0.23029685,0.10558778,-0.27112097,-0.0592649,0.0012639761,0.05926484,-0.0012639761,-0.03445369,-0.1755659,0.080385685,-0.21661597,0.011454999,-0.13067466,0.11087543,-0.2102958,1
0.009053588,-0.2171672,0.0045096874,-0.21414512,0.021756768,-0.21602744,-0.02171439,-0.16187954,0.05245745,-0.16586208,-0.073450625,-0.072274506,0.09373844,-0.076761246,-0.10434538,-0.0856598,0.14453548,-0.09690404,-0.08434504,-0.17183018,0.12208259,-0.24170423,-0.053219497,0.00021219254,0.053219497,-0.00021213293,-0.043305278,-0.12714177,0.041733205,-0.116975546,0.010850608,-0.09870243,0.067234874,-0.070287764,1
0.019732237,-0.14612222,0.014703512,-0.14627391,0.034598887,-0.14749146,-0.011230469,-0.11200619,0.067585945,-0.1151917,-0.0666883,-0.045323312,0.10510343,-0.04594791,-0.10627702,-0.061980426,0.13638628,-0.06732535,-0.09672564,-0.1473068,0.097005546,-0.2115609,-0.05701804,3.2365322e-05,0.05701804,-3.2424927e-05,-0.06127596,-0.11149889,0.05355692,-0.101065874,-0.025277972,-0.112864435,0.081415474,-0.085742235,1
-0.0042197704,0.0061789155,-0.0059621334,0.0016262531,0.011209726,-0.00072032213,-0.01587838,-0.0014061928,0.044694364,-0.009151161,-0.064768195,0.013342321,0.08827567,0.0063129067,-0.10898182,-0.0025472045,0.102645695,-0.015327036,-0.10739672,-0.08682144,0.058669865,-0.1372084,-0.04981947,0.0019394755,0.04981941,-0.0019394755,-0.08041346,-0.048159778,0.016940832,-0.031751215,-0.05725187,-0.13127291,0.024978101,-0.09139979,1
-0.020556211,-0.12016028,-0.023258746,-0.13058329,-0.0046583414,-0.1321013,-0.03591609,-0.14173669,0.035512984,-0.1444223,-0.08956671,-0.11047834,0.08624548,-0.101151526,-0.14419863,-0.13330007,0.085240066,-0.10153937,-0.1097016,-0.19325823,0.05474782,-0.14566845,-0.057099283,-0.001557827,0.057099342,0.0015577674,-0.08437753,-0.08404893,0.01970917,-0.08001077,-0.056645334,-0.08900666,0.023664474,-0.09002966,1
-0.018354774,-0.12815726,-0.016604364,-0.1405313,-0.0044302344,-0.14052117,-0.015041828,-0.14671105,0.035977244,-0.14787406,-0.068249166,-0.117605865,0.08347583,-0.09539455,-0.12685469,-0.11230248,0.09337062,-0.04816723,-0.1050235,-0.15849221,0.072718084,-0.06342757,-0.047211587,-0.0054032207,0.047211587,0.005403161,-0.058818877,-0.08700955,0.02728182,-0.06437516,-0.05281955,-0.06642091,0.02447015,-0.03963709,1
-0.014390707,-0.18274707,-0.010887325,-0.19459152,-0.0009147525,-0.19631761,-0.006723881,-0.18998533,0.039509833,-0.19596648,-0.06156689,-0.13527507,0.08718109,-0.12433159,-0.12574121,-0.12630647,0.08663112,-0.081204176,-0.1112324,-0.1799618,0.049253047,-0.08398354,-0.046615243,-0.0026133657,0.046615243,0.0026133657,-0.07331228,-0.16383576,0.012101233,-0.14510173,-0.07440516,-0.1302368,0.00893724,-0.1039114,1
0.012270391,-0.2557186,0.030935645,-0.26565218,0.01577723,-0.27515793,0.052764118,-0.24636489,0.02648151,-0.2691819,-0.018502712,-0.17809963,0.05769533,-0.18109322,-0.10421562,-0.1719445,0.062392473,-0.14186919,-0.09184104,-0.21658456,0.045762897,-0.14569515,-0.022096336,-0.0011757016,0.022096336,0.0011757612,-0.028637826,-0.19774026,0.030976057,-0.18425357,-0.054845244,-0.13162363,0.050881207,-0.100753844,1
-0.014760792,-0.22798294,0.011046827,-0.24326783,-0.02083242,-0.25710845,0.055293918,-0.23830515,-0.032657743,-0.27192312,0.09124929,-0.1718148,-0.06987706,-0.21309215,0.1386137,-0.081992745,-0.12144959,-0.15586269,0.0973137,-0.040798545,-0.10265088,-0.17993623,0.051529348,0.011832833,-0.051529318,-0.011832893,0.07039803,-0.090931475,-0.057689875,-0.13138407,0.018349051,-0.06400919,-0.00793165,-0.10348737,1
-0.027157366,-0.28439766,-0.0031270385,-0.2942204,-0.026836932,-0.31168973,0.036729634,-0.2669177,-0.017232597,-0.3104477,0.030254543,-0.1861602,0.010267079,-0.21537483,0.061567605,-0.16204107,0.07069439,-0.16830534,0.009985983,-0.21926051,0.032783747,-0.21457666,0.00916338,0.01055336,-0.00916338,-0.01055336,0.035399795,-0.15880525,0.0032820106,-0.18565118,-0.013791859,-0.10116708,0.024440467,-0.100031555,1
-0.020514965,-0.30005878,0.0037477016,-0.31309903,-0.032842994,-0.3260265,0.033449054,-0.28849524,-0.05577761,-0.31962895,0.055061817,-0.19910198,-0.088851094,-0.22846764,0.1358003,-0.1414913,-0.14691621,-0.20472932,0.094273925,-0.117807925,-0.09516972,-0.24415332,0.047781944,0.0015414953,-0.047781885,-0.0015415549,0.10803056,-0.13412178,-0.02855897,-0.109825015,0.04851204,-0.082224905,-0.0074055195,-0.03597009,1
-0.009521723,-0.29640555,-0.014534473,-0.31228584,-0.0016956329,-0.31522483,-0.05924207,-0.31013584,0.026693404,-0.31027848,-0.10651052,-0.24200505,0.072972775,-0.20788926,-0.12733153,-0.25354362,0.11869073,-0.15750176,-0.06328109,-0.30482852,0.053404808,-0.25367534,-0.061398327,-0.004678309,0.061398268,0.0046782494,-0.011534214,-0.19593185,0.0861814,-0.22153485,-0.026069641,-0.060105145,0.09571755,-0.102889895,1
-0.029681385,-0.3221748,-0.027119517,-0.3358953,-0.02046609,-0.33962244,-0.044993997,-0.32275456,0.01602447,-0.32632136,-0.09631318,-0.24878585,0.061656177,-0.21344703,-0.13975394,-0.25603747,0.11158168,-0.1566732,-0.07085827,-0.3185339,0.06634307,-0.25628752,-0.05186948,-0.006762445,0.051869452,0.0067623854,-0.0070396066,-0.1447066,0.06955284,-0.16307944,0.0013973713,-0.04057139,0.110615194,-0.07721871,1
-0.014124215,-0.32564402,-0.01846683,-0.33726916,-0.0134830475,-0.34051782,-0.06052816,-0.32069427,-0.0022075176,-0.32101148,-0.11151922,-0.24977612,0.041672885,-0.21669,-0.12990335,-0.2596969,0.10015464,-0.18248516,-0.0802263,-0.31612766,0.0459702,-0.2799505,-0.04930976,-0.008262575,0.04930973,0.008262515,0.012120545,-0.16565675,0.08144015,-0.17034417,0.0063218474,-0.040839076,0.08970028,-0.062369287,1
-0.010311544,-0.30119938,-0.017099082,-0.31610596,-0.006834686,-0.31848234,-0.06306058,-0.31005478,0.0132287145,-0.31034076,-0.10489884,-0.24577063,0.052407384,-0.22107261,-0.11861411,-0.26091784,0.10487348,-0.20054531,-0.07231617,-0.32072473,0.054494202,-0.28941214,-0.053556502,-0.0052714944,0.053556502,0.0052714944,-0.010417402,-0.17117143,0.086842835,-0.19133294,-0.011593163,-0.028758883,0.10533577,-0.07272673,1
-0.014035463,-0.35242704,-0.014337659,-0.36308226,-0.009087443,-0.3671508,-0.043236554,-0.34565178,0.018873274,-0.35110986,-0.08332795,-0.26552105,0.060177863,-0.25176358,-0.10878709,-0.28206843,0.1009326,-0.23059332,-0.059260786,-0.34272563,0.042408943,-0.31401074,-0.048498034,-0.001688242,0.048498094,0.0016883016,-0.014847517,-0.19418055,0.07362926,-0.21964031,-0.01989466,-0.04335493,0.10156894,-0.082921445,1
-0.013477266,-0.36243606,-0.009444177,-0.36523074,-0.009029686,-0.36887357,-0.02135998,-0.3328921,0.019058108,-0.33762848,-0.059804052,-0.25556266,0.059222817,-0.23152179,-0.08995062,-0.30692795,0.10639107,-0.22571373,-0.04923311,-0.3488623,0.05871111,-0.30618772,-0.040264666,-0.0035345554,0.040264606,0.003534615,-0.021017224,-0.19244343,0.06611705,-0.20622015,-0.03613597,-0.06084293,0.109553576,-0.08284044,1
0.0063551664,-0.3307808,0.002457112,-0.3373049,0.0100188255,-0.3402415,-0.03157738,-0.31361222,0.030682027,-0.31575185,-0.06178415,-0.23706126,0.055511534,-0.22112894,-0.08243978,-0.2774979,0.10336447,-0.2243399,-0.06231606,-0.31629497,0.06271529,-0.2907609,-0.039702684,-0.00207752,0.039702713,0.0020774603,0.010876238,-0.13859415,0.08219838,-0.16731781,0.023324728,-0.010784984,0.110505044,-0.06014806,1
-0.014101118,-0.3455604,-0.008688599,-0.35097408,-0.0096203685,-0.3557251,-0.012198776,-0.32557705,0.01710707,-0.33307996,-0.05069393,-0.24655789,0.055618882,-0.23378104,-0.08830634,-0.27999452,0.09223193,-0.22350061,-0.060919672,-0.31737393,0.052681863,-0.28744486,-0.03402701,-0.0021221042,0.03402698,0.0021220446,0.014930785,-0.15476584,0.079761565,-0.16542095,-0.0037521422,-0.026275873,0.09736729,-0.038553596,1
-0.019248307,-0.3079354,-0.022686064,-0.31440198,-0.017471999,-0.3170978,-0.047316134,-0.28764978,0.0026135743,-0.2897807,-0.08198479,-0.21825221,0.036539346,-0.19758132,-0.10743868,-0.2545484,0.08145782,-0.20137578,-0.0971463,-0.28760687,0.030654639,-0.26648763,-0.03773561,-0.006029427,0.03773561,0.0060294867,0.018906027,-0.09294921,0.072720796,-0.09380925,0.017644793,0.017262816,0.07956424,0.0076235533,1
-0.0040760934,-0.3076337,0.0017828047,-0.31610557,-0.0062983036,-0.3184666,-0.004720986,-0.29256967,0.007193476,-0.29608425,-0.05364999,-0.21777949,0.04374826,-0.20532548,-0.095834434,-0.226246,0.09395492,-0.19402164,-0.0817512,-0.25656393,0.051324725,-0.24802071,-0.02930656,-0.0050124526,0.02930656,0.005012393,0.02283448,-0.034805417,0.060427487,-0.033654273,0.044371188,0.050875723,0.09295422,0.048644602,1
0.02330628,-0.30433175,0.013664126,-0.31483573,0.020948857,-0.31731138,-0.038921237,-0.29580793,0.014303654,-0.29386947,-0.08029267,-0.2186634,0.032961696,-0.20320529,-0.09634289,-0.216501,0.06925073,-0.19305018,-0.07967237,-0.25380042,0.023942351,-0.24526307,-0.03574094,-0.0056289434,0.03574094,0.0056289434,0.044081897,-0.10033482,0.08057782,-0.09712541,0.040487736,0.03585148,0.05138716,0.032200098,1
0.03301376,-0.29165402,0.022065163,-0.30586162,0.03251034,-0.30970886,-0.034454763,-0.30050358,0.03112188,-0.2985198,-0.07052785,-0.22564155,0.053079963,-0.22892395,-0.06587091,-0.1656931,0.064334095,-0.19199327,-0.012333095,-0.21129352,0.0439198,-0.2481705,-0.039800406,-0.002071917,0.039800406,0.0020719767,0.08873057,-0.11758071,0.13963783,-0.11821461,0.04328519,0.03440094,0.05334294,0.035546243,1
0.03333029,-0.27976197,0.022210062,-0.29383513,0.032155126,-0.29708794,-0.033162594,-0.29264265,0.026206046,-0.28901622,-0.070302784,-0.22092885,0.048974395,-0.2187419,-0.07368839,-0.15525821,0.06168419,-0.16355672,-0.030837446,-0.21137291,0.048185915,-0.22702217,-0.038432717,-0.0024917722,0.038432688,0.0024918318,0.07376051,-0.08852601,0.13318563,-0.09122145,0.03291273,0.049681365,0.05255401,0.04287207,1
0.03095591,-0.27554065,0.020754695,-0.28914782,0.029516757,-0.29125014,-0.02986747,-0.28753605,0.027747452,-0.28122598,-0.067094505,-0.2187674,0.05188048,-0.21148148,-0.08839637,-0.14304233,0.063473016,-0.12852535,-0.062149346,-0.17894128,0.048640847,-0.14012411,-0.037433565,-0.0034410954,0.037433565,0.0034410954,0.07836163,-0.07270849,0.13449562,-0.0743022,0.039957345,0.056151807,0.056969583,0.05119002,1
0.027142644,-0.2798218,0.016550273,-0.29344004,0.026386976,-0.29636982,-0.03655228,-0.29267445,0.023641318,-0.28900144,-0.072200626,-0.21991876,0.04485628,-0.21853492,-0.09742713,-0.1447027,0.05750084,-0.15495062,-0.0796307,-0.17574969,0.033927172,-0.19961017,-0.037874818,-0.0019857287,0.037874818,0.0019856691,0.07368183,-0.05909568,0.13699597,-0.06992781,0.04474154,0.06984788,0.07598275,0.050937414,1
0.030899286,-0.2614498,0.021670014,-0.27434936,0.029632062,-0.27660847,-0.031336218,-0.27383664,0.01830995,-0.26917186,-0.06872061,-0.2025586,0.03286463,-0.1963653,-0.09290618,-0.13138339,0.06279576,-0.14239082,-0.06485075,-0.14571002,0.05096808,-0.20029685,-0.03286186,-0.0032488704,0.03286186,0.0032488704,0.07603359,-0.041817725,0.13002211,-0.051564217,0.053862542,0.07813305,0.092947364,0.06515646,1
0.029153347,-0.243079,0.019335032,-0.25707796,0.027346104,-0.2576023,-0.033570945,-0.2607306,0.011582017,-0.25404358,-0.07225931,-0.19442281,0.026760548,-0.18567705,-0.08807027,-0.10645646,0.06531349,-0.11611417,-0.063555,-0.14143834,0.04504162,-0.18354693,-0.031087577,-0.005019605,0.031087607,0.0050196648,0.07689783,-0.042266637,0.12147504,-0.039934218,0.075912535,0.07694048,0.09751481,0.08354783,1
0.031990558,-0.2452214,0.025315493,-0.26023075,0.029118508,-0.26067904,-0.023727387,-0.26855916,0.009217322,-0.26138893,-0.07022378,-0.20876592,0.019723147,-0.1930337,-0.09596798,-0.120967805,0.06422326,-0.11858785,-0.061169267,-0.1435267,0.05602795,-0.18491909,-0.028015822,-0.007058859,0.028015822,0.007058859,0.084557354,-0.06299424,0.12371817,-0.062074065,0.094183564,0.07760841,0.122516364,0.07453555,1
0.035414666,-0.2545001,0.030485421,-0.26923242,0.030685842,-0.26987344,-0.014658481,-0.27641368,0.0058641136,-0.26919094,-0.06532544,-0.2153363,0.018634737,-0.19576278,-0.075686276,-0.14703622,0.071832776,-0.12770241,-0.021899581,-0.18292016,0.06400797,-0.18921688,-0.026615173,-0.00852555,0.026615202,0.008525491,0.09552461,-0.07833758,0.1365642,-0.070950806,0.10012552,0.07000303,0.1402232,0.080131054,1
0.03601727,-0.25915596,0.025710136,-0.27276212,0.033953577,-0.271619,-0.028362691,-0.27568573,0.0066547394,-0.2659712,-0.06690264,-0.22020608,0.009287596,-0.1877236,-0.023828506,-0.17186236,0.07073417,-0.12818283,0.04001388,-0.19925952,0.06361246,-0.19456226,-0.026086539,-0.012438953,0.026086569,0.012438893,0.09487906,-0.08080307,0.14182127,-0.05360207,0.11036697,0.06763488,0.15452671,0.10176021,1
0.03323227,-0.2564402,0.02258724,-0.27025095,0.032673,-0.26829907,-0.03100723,-0.27279282,0.007974207,-0.26357135,-0.06466827,-0.2164402,0.0069358647,-0.18517327,-0.0063366294,-0.16851449,0.0795798,-0.13041672,0.053387195,-0.18612295,0.07464954,-0.1872153,-0.024945915,-0.013227463,0.024945885,0.013227403,0.097346485,-0.0791986,0.14331573,-0.044473797,0.13314372,0.0663656,0.17586595,0.11557394,1
0.01163277,-0.25005126,0.0010305047,-0.26252988,0.010197848,-0.26238194,-0.046970546,-0.26473907,-0.018138826,-0.26170376,-0.074329436,-0.20439336,-0.016304225,-0.18674207,-0.0024287999,-0.15118471,0.06885928,-0.13606039,0.05298993,-0.17660531,0.071469605,-0.18042797,-0.020378858,-0.011346519,0.020378828,0.011346519,0.09787372,-0.057014108,0.13882327,-0.026059896,0.14364058,0.08171517,0.18210721,0.12836558,1
-0.0037641525,-0.24391893,-0.011423886,-0.25719133,-0.008895069,-0.25584152,-0.051515102,-0.25828323,-0.045005083,-0.2527679,-0.08071545,-0.19350651,-0.037300408,-0.17442155,-0.0139696,-0.14266029,0.053012967,-0.12818664,0.041724265,-0.14958295,0.067248076,-0.14765772,-0.014792085,-0.012720168,0.014792055,0.012720168,0.100690365,-0.03140804,0.13109556,0.0059216022,0.15670747,0.09582734,0.18521148,0.15081936,1
-0.020219475,-0.2404722,-0.023966491,-0.2536023,-0.027633697,-0.2546823,-0.053400815,-0.2547261,-0.065707505,-0.25524008,-0.07621598,-0.1885316,-0.060116827,-0.18093663,-0.01424405,-0.13534993,0.026812762,-0.13646683,0.04389727,-0.13717219,0.05866939,-0.14010713,-0.0061766505,-0.01056847,0.0061766505,0.0105685,0.10887864,-0.019105881,0.1309064,0.005274296,0.15842348,0.11192697,0.19181252,0.15021133,1
-0.019219548,-0.2342175,-0.01934436,-0.24814746,-0.026996523,-0.2513621,-0.043226093,-0.25018424,-0.066063374,-0.2572505,-0.06681812,-0.17751524,-0.06727022,-0.17942825,-0.010249525,-0.11782408,0.019523501,-0.14476427,0.04412639,-0.10039389,0.056884587,-0.14248896,-0.00072428584,-0.009742677,0.00072425604,0.009742677,0.12842265,-0.013039172,0.1342971,0.0070815682,0.18599957,0.11434275,0.20269728,0.14798582,1
-0.03219241,-0.23612744,-0.033262998,-0.24904244,-0.039937735,-0.25203842,-0.060197234,-0.24779187,-0.080106646,-0.25399315,-0.08469483,-0.1791487,-0.07398388,-0.18533805,-0.025451213,-0.10853085,0.012181342,-0.14446694,0.035932243,-0.113128066,0.052594572,-0.1461905,-0.003446281,-0.0091637075,0.0034463108,0.0091637075,0.11791816,-0.005238563,0.13073927,0.017703325,0.18300569,0.12634441,0.20330018,0.16791955,1
-0.03810084,-0.2374664,-0.038639694,-0.2506991,-0.047510266,-0.2527794,-0.064352065,-0.24662985,-0.090346426,-0.25120085,-0.088101625,-0.17683497,-0.08401129,-0.1849064,-0.034271628,-0.11869547,-0.003223896,-0.16134796,0.025126219,-0.12047577,0.042151272,-0.15506029,-0.0011573136,-0.009081215,0.0011573136,0.009081215,0.11936489,0.007843345,0.12989113,0.027381063,0.1910151,0.1346057,0.2094095,0.16795337,1
-0.038500965,-0.228435,-0.038300663,-0.24239518,-0.04808128,-0.24297325,-0.058629304,-0.23916262,-0.08982569,-0.24255127,-0.07388145,-0.16893256,-0.094275355,-0.17565387,-0.016804636,-0.11978379,-0.022369057,-0.1565265,0.032577872,-0.12314767,0.03688842,-0.15313554,0.0064689517,-0.00977838,-0.0064689517,0.00977838,0.11583212,0.027592778,0.112250775,0.050795823,0.19740811,0.13984475,0.20511946,0.17586926,1
-0.035749853,-0.2322037,-0.036120057,-0.24676058,-0.04556158,-0.24538796,-0.05221942,-0.24386157,-0.08683503,-0.24513371,-0.061652243,-0.16950515,-0.094962806,-0.17737621,-0.0068778098,-0.11321765,-0.023553431,-0.16662484,0.020073265,-0.106442094,0.025375187,-0.17776051,0.011103213,-0.009534538,-0.011103213,0.009534508,0.114949256,0.014511675,0.10218418,0.037452936,0.20521331,0.11769593,0.20200491,0.14738953,1
-0.031924784,-0.22496653,-0.030817151,-0.23922342,-0.04089588,-0.24017587,-0.047064483,-0.23670143,-0.081692785,-0.24377224,-0.058364898,-0.15968981,-0.094664216,-0.17674479,-0.007940024,-0.10138807,-0.027547598,-0.17319229,0.021456152,-0.09387174,0.029620409,-0.1887083,0.0112499595,-0.007572055,-0.011249989,0.007572055,0.11118391,0.01970905,0.10291731,0.033839732,0.19966674,0.11587834,0.21028763,0.13498223,1
-0.02571559,-0.23109023,-0.02505529,-0.24463621,-0.03287387,-0.24730863,-0.04547155,-0.24469627,-0.07128456,-0.25434214,-0.05699852,-0.16683725,-0.09062585,-0.1838054,-0.01166749,-0.10485688,-0.031018972,-0.17528832,0.021633059,-0.093177915,0.026567906,-0.20202628,0.008871853,-0.007139176,-0.008871883,0.007139176,0.11138427,0.017895252,0.11570966,0.023035824,0.19092482,0.11497441,0.22771466,0.12070075,1
-0.026405483,-0.23527174,-0.024560213,-0.24967214,-0.035990596,-0.25092077,-0.038823396,-0.24842651,-0.07224229,-0.25412014,-0.046233654,-0.16762528,-0.08976045,-0.18646842,-0.009266615,-0.09388447,-0.039027154,-0.17217043,0.02390173,-0.08728999,0.018433541,-0.21494296,0.012146145,-0.006357491,-0.012146115,0.006357461,0.120333076,0.016304404,0.124981165,0.012441307,0.19230956,0.12076408,0.23622555,0.1091035,1
-0.019682437,-0.22691621,-0.017035842,-0.24154091,-0.03005594,-0.24298918,-0.028000832,-0.24067064,-0.064322025,-0.2457498,-0.032945305,-0.16196242,-0.084911376,-0.1823912,-0.0006918907,-0.09779489,-0.041027606,-0.17331165,0.030553967,-0.09284374,0.01805973,-0.21825038,0.015353978,-0.005518675,-0.015353948,0.005518675,0.13762495,0.020482719,0.13034087,0.012200028,0.20219588,0.12713495,0.2324332,0.11221853,1
-0.021632135,-0.22117208,-0.019851,-0.2345243,-0.031251013,-0.23721239,-0.035023034,-0.23698297,-0.064879686,-0.24280801,-0.040316463,-0.17244235,-0.0899584,-0.18610662,-0.0062653124,-0.13283783,-0.058801293,-0.17979458,0.029756725,-0.13883957,-0.0025961995,-0.22566311,0.01379469,-0.007026404,-0.01379469,0.007026404,0.14762947,0.028808773,0.14230993,0.016653359,0.21550211,0.1364901,0.24952069,0.11455017,1
-0.019314855,-0.22863962,-0.01864317,-0.24194568,-0.029683352,-0.24275048,-0.029485315,-0.24260889,-0.06637633,-0.24649478,-0.035719126,-0.17500752,-0.096682444,-0.1861782,0.002793014,-0.13774025,-0.059853554,-0.17664096,0.037558198,-0.16341242,0.0018773079,-0.21384893,0.017510056,-0.008333892,-0.017510086,0.008333892,0.14975014,0.00031590462,0.13277471,-0.006860137,0.22265983,0.1145629,0.24166566,0.0889788,1
-0.021670014,-0.2293216,-0.021526366,-0.2455388,-0.034712702,-0.24194251,-0.030910134,-0.24612907,-0.07236993,-0.23977737,-0.033747226,-0.17219105,-0.10061154,-0.17723411,0.0031243265,-0.11760455,-0.08000553,-0.16480488,0.04566437,-0.13141805,-0.01788482,-0.21310657,0.01901564,-0.010557413,-0.01901564,0.010557383,0.13869163,-0.0007610023,0.12147394,0.0053768456,0.21394053,0.10401702,0.22607258,0.090209484,1
-0.022484332,-0.21690278,-0.019971967,-0.23063698,-0.033507586,-0.23052329,-0.027283251,-0.23277424,-0.06819302,-0.2342081,-0.03224528,-0.16799828,-0.098891914,-0.18115753,-0.000477463,-0.0945507,-0.08342549,-0.1565089,0.045753002,-0.09538758,-0.030350685,-0.20699522,0.019590795,-0.008681834,-0.019590825,0.008681804,0.14974034,0.014706343,0.12583336,0.01431638,0.21928531,0.12009293,0.2340725,0.10554731,1
-0.036450624,-0.22405775,-0.034845054,-0.23756763,-0.04673326,-0.23556508,-0.043272823,-0.23723778,-0.07765478,-0.23392442,-0.043969035,-0.17062077,-0.104521126,-0.17640007,-0.01245597,-0.09092745,-0.096475154,-0.1471718,0.034562707,-0.092763126,-0.048306078,-0.20734352,0.017473161,-0.010548145,-0.017473191,0.010548145,0.14025426,0.020958066,0.12066609,0.030451566,0.21074587,0.11426118,0.22577828,0.11206594,1
-0.044051617,-0.23137318,-0.040603936,-0.24623042,-0.053584337,-0.24580953,-0.05283308,-0.24734089,-0.08272731,-0.24729113,-0.053165734,-0.17537934,-0.109760165,-0.1820279,-0.028482467,-0.09646934,-0.11005165,-0.15006623,0.019981205,-0.1010499,-0.05578199,-0.2062189,0.015363306,-0.010657817,-0.015363306,0.010657817,0.1345816,0.027555823,0.12379897,0.03163901,0.21373847,0.11339122,0.24274507,0.106282175,1
-0.041105032,-0.22960271,-0.0375385,-0.24702616,-0.053687334,-0.24330373,-0.04409504,-0.24973284,-0.08466208,-0.24292573,-0.039430857,-0.17882755,-0.11279704,-0.17483366,-0.012371749,-0.10328233,-0.11579257,-0.12921917,0.02180165,-0.1010029,-0.053815335,-0.18287173,0.020965725,-0.012944102,-0.020965755,0.0129440725,0.13598418,0.021232575,0.117616355,0.034884185,0.21074563,0.12014812,0.23360664,0.11927134,1
-0.044774532,-0.23350586,-0.0402146,-0.24930014,-0.055081993,-0.2490839,-0.050748408,-0.25009093,-0.084381044,-0.25019687,-0.051588863,-0.17816284,-0.11498371,-0.178193,-0.028398573,-0.09648952,-0.12531357,-0.12424919,0.020768017,-0.10053724,-0.056806356,-0.18124157,0.017637193,-0.0128233135,-0.017637193,0.0128233135,0.14505973,0.012709171,0.12539062,0.02625373,0.20984805,0.11970222,0.23546416,0.12527663,1
-0.043129563,-0.23313825,-0.03667149,-0.24784583,-0.05366847,-0.24890721,-0.044445097,-0.24488325,-0.08435112,-0.24898127,-0.04613343,-0.17601505,-0.120349616,-0.1767134,-0.022058696,-0.09970868,-0.13333385,-0.116178185,0.024467736,-0.10016754,-0.055364072,-0.16141385,0.021577954,-0.013004631,-0.021577954,0.013004631,0.1489498,0.01414305,0.118285865,0.028187841,0.2157084,0.12686738,0.23704186,0.13209543,1
-0.046725214,-0.23391977,-0.03988406,-0.24845396,-0.057430655,-0.24875388,-0.045846373,-0.24509431,-0.08620751,-0.2475151,-0.045921683,-0.17785954,-0.121472254,-0.17683002,-0.02145636,-0.105505824,-0.1382079,-0.11527163,0.027599514,-0.10549015,-0.059306264,-0.14667985,0.021669596,-0.013366073,-0.021669626,0.013366073,0.14732322,0.021426529,0.12013161,0.03606561,0.2149471,0.12499529,0.241772,0.13080591,1
-0.040594578,-0.2366332,-0.033809185,-0.2490648,-0.049517393,-0.25302622,-0.044453025,-0.24312867,-0.081920356,-0.2546199,-0.048792183,-0.1763238,-0.12274931,-0.1814526,-0.018720508,-0.10412088,-0.12565187,-0.10678208,0.03133166,-0.10807213,-0.030080616,-0.115392864,0.02166441,-0.011983931,-0.02166441,0.011983931,0.15140975,0.019233376,0.118578136,0.02722317,0.22190148,0.13027874,0.24581647,0.13000855,1
-0.038679928,-0.23517698,-0.03348857,-0.25014204,-0.049194306,-0.25031734,-0.044288635,-0.2472093,-0.07974997,-0.24823235,-0.04878843,-0.1771898,-0.11276208,-0.17531902,-0.020294875,-0.09998292,-0.12233545,-0.097177625,0.036842108,-0.10553864,-0.031897485,-0.09906015,0.018177629,-0.013547301,-0.018177658,0.013547301,0.15268552,0.021407723,0.13251624,0.038760126,0.21380377,0.1405403,0.24094158,0.15408325,1
-0.045718133,-0.23683667,-0.04107648,-0.25218529,-0.057155102,-0.25206545,-0.051704913,-0.24929178,-0.08809069,-0.24954593,-0.054894894,-0.17872658,-0.11725712,-0.17417362,-0.025852144,-0.10649529,-0.117604926,-0.08801344,0.03535831,-0.10988712,0.0006095767,-0.079841316,0.017735213,-0.014022946,-0.017735183,0.014022946,0.14777109,0.021256328,0.12911785,0.03861916,0.19892025,0.14689666,0.22913969,0.15678948,1
-0.052586347,-0.23736699,-0.047629118,-0.2514575,-0.06268105,-0.25339022,-0.057222784,-0.24943674,-0.09048283,-0.25324994,-0.058808357,-0.18219918,-0.1187118,-0.18284908,-0.03716001,-0.10562667,-0.12430695,-0.09737754,0.023301572,-0.098480016,-0.012342095,-0.07043198,0.017254382,-0.012628913,-0.017254412,0.012628913,0.1496748,0.025464356,0.1298007,0.0394513,0.18829459,0.15576676,0.21878856,0.16699949,1
-0.0529294,-0.24002463,-0.047808528,-0.25393248,-0.06434989,-0.25490624,-0.055203646,-0.24915664,-0.092436284,-0.2502135,-0.055784255,-0.18180647,-0.117042035,-0.17820638,-0.03136471,-0.11144474,-0.12486464,-0.09458664,0.028382212,-0.103259414,-0.024794936,-0.06250286,0.017852157,-0.013302058,-0.017852157,0.013302058,0.1517534,0.024830908,0.13035572,0.04244098,0.18549529,0.15449622,0.21105996,0.17029324,1
-0.052787215,-0.23750237,-0.047565848,-0.2514531,-0.063968,-0.25215632,-0.055457473,-0.2464418,-0.09275472,-0.24722742,-0.056062132,-0.17932928,-0.11856341,-0.17507854,-0.030141503,-0.10924634,-0.13328151,-0.09220758,0.028743982,-0.10120168,-0.046647012,-0.051006347,0.018172324,-0.013396412,-0.018172324,0.013396442,0.14517617,0.027586162,0.12130219,0.04739636,0.18640429,0.15236497,0.20659411,0.1728217,1
-0.035440445,-0.23981027,-0.032254785,-0.25430804,-0.047213614,-0.25539094,-0.041719735,-0.25278395,-0.08207278,-0.2550125,-0.047623575,-0.17965147,-0.11796585,-0.17766815,-0.017053992,-0.106447995,-0.12743,-0.08465758,0.042082816,-0.10806912,-0.03026241,-0.042413235,0.019665271,-0.013289928,-0.019665241,0.013289899,0.15553755,0.021110892,0.13087958,0.03930819,0.19486511,0.14341384,0.2125336,0.15439206,1
-0.039349645,-0.2459092,-0.03541884,-0.26021135,-0.052316427,-0.26014006,-0.041709572,-0.2549558,-0.08575119,-0.25431228,-0.046108186,-0.17852157,-0.11749649,-0.17698193,-0.020237744,-0.10285154,-0.13275485,-0.085291654,0.03911671,-0.10262847,-0.04454136,-0.033562303,0.020107001,-0.0127568245,-0.020107001,0.0127568245,0.15112558,0.030103147,0.12850648,0.045259506,0.19126204,0.14909372,0.20941761,0.15442833,1
-0.03978491,-0.2464929,-0.036582083,-0.26054418,-0.051807016,-0.2618588,-0.044680536,-0.2575063,-0.08530006,-0.2601135,-0.047843605,-0.1835202,-0.11966461,-0.18345219,-0.017230988,-0.111442655,-0.13226633,-0.089850605,0.041172832,-0.117093265,-0.036996156,-0.043670982,0.019992083,-0.01233533,-0.019992083,0.01233536,0.15140778,0.02657047,0.13050684,0.038967848,0.18662968,0.15707135,0.2097548,0.15868413,1
-0.034078896,-0.24568914,-0.03090185,-0.26102197,-0.046629906,-0.26143396,-0.040198386,-0.25943786,-0.08247295,-0.25994682,-0.046343178,-0.18275216,-0.11734456,-0.18000576,-0.017453432,-0.1081391,-0.1292496,-0.08697024,0.041135997,-0.10623747,-0.036116213,-0.04082653,0.019550413,-0.013189316,-0.019550383,0.013189316,0.15090162,0.02433139,0.13060227,0.04072854,0.19114286,0.15078261,0.21317637,0.15734717,1
-0.037176996,-0.24735452,-0.033860862,-0.2628582,-0.05016309,-0.2619691,-0.041661948,-0.25949052,-0.084845215,-0.25731662,-0.04584858,-0.18115467,-0.11809817,-0.17773193,-0.018000305,-0.106329024,-0.1334248,-0.0879603,0.04148391,-0.104175955,-0.043535948,-0.039692074,0.020056129,-0.013250321,-0.020056129,0.013250321,0.14558452,0.0266217,0.12430924,0.043902725,0.19053838,0.14803824,0.2090353,0.15488246,1
-0.04085362,-0.24517785,-0.036616474,-0.25900495,-0.05220732,-0.2600223,-0.04372397,-0.25461352,-0.08390713,-0.2572049,-0.04620722,-0.17986706,-0.11930069,-0.17945537,-0.017843783,-0.10410786,-0.13231891,-0.08618584,0.04187569,-0.10422441,-0.037489027,-0.042126864,0.020487547,-0.0123353,-0.020487547,0.0123353,0.14452672,0.026359499,0.1198895,0.039029866,0.18827593,0.14485711,0.2087354,0.14720255,1
-0.03398162,-0.23719326,-0.028020889,-0.25101924,-0.04231745,-0.25296786,-0.040894955,-0.24722092,-0.07079247,-0.25177294,-0.047971547,-0.17649543,-0.10569866,-0.17301673,-0.022122264,-0.10056865,-0.1175462,-0.08501154,0.038469225,-0.07437667,-0.021963865,-0.041249514,0.015760243,-0.013269544,-0.015760243,0.013269544,0.14021018,0.031550616,0.12058017,0.04783556,0.20704281,0.15257838,0.222853,0.16457024,1
-0.09082115,-0.28154767,-0.08029592,-0.3030511,-0.09173447,-0.2932254,-0.04126233,-0.31904766,-0.07108736,-0.30036086,0.021636665,-0.23736286,-0.052243114,-0.21863711,0.051229596,-0.09941679,-0.043403327,-0.102227986,-0.042294145,-0.0064775944,-0.082448006,-0.03653705,0.022396207,0.0041595697,-0.022396266,-0.0041595697,-0.101809144,0.089345634,-0.14255565,0.06916946,-0.024028301,0.24842572,-0.04330772,0.2085132,0
-0.09973967,-0.2805383,-0.0893867,-0.300752,-0.09980768,-0.2911735,-0.050412357,-0.31815013,-0.07727063,-0.30094975,0.013890505,-0.24166697,-0.054127336,-0.22370967,0.043188035,-0.09779817,-0.044174075,-0.09819472,-0.04940325,-0.0115484595,-0.08664703,-0.03091216,0.020789921,0.004193425,-0.020789921,-0.0041933656,-0.10738188,0.08680385,-0.1439619,0.066051304,-0.027608812,0.25127602,-0.045323968,0.20920199,2
-0.10250801,-0.27239305,-0.09314263,-0.29430464,-0.10397291,-0.28332078,-0.053902686,-0.31344852,-0.08121538,-0.29231444,0.0095523,-0.23591152,-0.055023372,-0.2193954,0.03737223,-0.093836844,-0.047828436,-0.10348314,-0.053364158,-0.0065362453,-0.08833504,-0.029754162,0.019710302,0.00405854,-0.019710302,-0.00405854,-0.108036995,0.08855075,-0.14302212,0.07218742,-0.027853966,0.2516966,-0.050394952,0.2156272,2
-0.1110881,-0.27348348,-0.10176623,-0.29533127,-0.11208069,-0.2840404,-0.06252825,-0.3145143,-0.08905411,-0.29275367,0.0044898987,-0.23732516,-0.062740564,-0.21779054,0.03532064,-0.09618181,-0.055187583,-0.10122907,-0.057306647,-0.006815076,-0.09143782,-0.0268808,0.020287335,0.0033549666,-0.020287275,-0.0033549666,-0.11331761,0.08524865,-0.14663255,0.07165301,-0.030960798,0.24716341,-0.049505234,0.21389258,2
-0.113390565,-0.27236885,-0.10585302,-0.2945141,-0.11433625,-0.28178903,-0.068561375,-0.31702304,-0.08861089,-0.2920779,0.0008338094,-0.24209917,-0.059667528,-0.22293869,0.03549218,-0.0965119,-0.05249834,-0.10628939,-0.05743718,-0.008522332,-0.0876987,-0.02766025,0.018017292,0.0029920936,-0.018017292,-0.002992034,-0.112977386,0.08247292,-0.14067584,0.07205522,-0.025174916,0.2470482,-0.045766056,0.21620744,2
-0.12164426,-0.26694897,-0.11302024,-0.28855887,-0.12208843,-0.2771614,-0.07318652,-0.31025118,-0.096500576,-0.28878263,-0.0059628487,-0.23525167,-0.06595349,-0.21894506,0.026411176,-0.089178145,-0.057489634,-0.10175258,-0.058936417,-0.004259467,-0.09247029,-0.025568366,0.017922163,0.003104508,-0.017922103,-0.0031044483,-0.11269224,0.08283061,-0.14034069,0.073231876,-0.027753353,0.2436027,-0.045129955,0.21667624,2
-0.12595189,-0.26246703,-0.11687684,-0.2841333,-0.12750244,-0.272605,-0.07763368,-0.30650064,-0.10386306,-0.28508204,-0.012084544,-0.23384735,-0.0704236,-0.2169751,0.021277428,-0.089331746,-0.05688548,-0.10314143,-0.059499323,-0.003413856,-0.094887614,-0.030901074,0.01743424,0.0025120378,-0.01743418,-0.0025120378,-0.11540443,0.079610586,-0.1417712,0.07228041,-0.02719462,0.23704839,-0.041145146,0.21325195,2
-0.13792878,-0.25395298,-0.13039619,-0.2747465,-0.1401698,-0.2639932,-0.09539384,-0.3003034,-0.11635083,-0.28072134,-0.026220143,-0.23288491,-0.07899904,-0.21982405,0.014186084,-0.08886349,-0.06031376,-0.1079849,-0.06172359,-0.00014734268,-0.09929174,-0.028574646,0.01569432,0.0032773018,-0.01569432,-0.0032772422,-0.11924338,0.08717173,-0.14590353,0.07397008,-0.02902025,0.24791855,-0.047489703,0.21427834,2
-0.1469726,-0.2531258,-0.13887274,-0.27418712,-0.15030003,-0.26248607,-0.101934254,-0.29802084,-0.12817776,-0.27619523,-0.031427562,-0.2314969,-0.08632016,-0.21528536,0.01403141,-0.086407244,-0.061510146,-0.103443146,-0.06620866,0.0011772513,-0.09870076,-0.022994459,0.01662469,0.002051711,-0.01662469,-0.002051711,-0.11486524,0.08427936,-0.14175743,0.07960206,-0.025841713,0.2443853,-0.03990996,0.2238614,2
-0.16680074,-0.24103275,-0.15920842,-0.2620239,-0.16998643,-0.25048697,-0.12235314,-0.2877143,-0.14608157,-0.26705194,-0.05180651,-0.22536638,-0.09711051,-0.20944744,-0.005176127,-0.07929522,-0.07180148,-0.09629542,-0.08184022,0.007276237,-0.116693795,-0.015942931,0.013477802,0.00123775,-0.013477802,-0.00123775,-0.12540841,0.0870353,-0.14511323,0.08886737,-0.035043895,0.2476629,-0.04278505,0.2371198,2
-0.18010855,-0.23414147,-0.17390943,-0.25452217,-0.18261456,-0.24310714,-0.13968617,-0.27996704,-0.15778375,-0.25938627,-0.06349671,-0.21799392,-0.10800791,-0.20344475,-0.014301062,-0.07480562,-0.0887264,-0.09569162,-0.0900653,0.008768022,-0.12635356,-0.01364249,0.013218939,0.00150913,-0.01321888,-0.00150913,-0.12918001,0.08873516,-0.14731348,0.08754182,-0.03955865,0.24808842,-0.051958323,0.2312144,2
-0.1839189,-0.22772199,-0.17573601,-0.24750337,-0.18690068,-0.23737162,-0.13844204,-0.27097112,-0.16440636,-0.25403905,-0.06671357,-0.21321362,-0.11203635,-0.20099413,-0.018712401,-0.07406402,-0.08301908,-0.09651679,-0.09054953,0.009227335,-0.12233758,-0.015322745,0.014320552,0.0015584826,-0.014320552,-0.0015584826,-0.12156701,0.08990091,-0.14684421,0.0891754,-0.03282851,0.2442509,-0.044063926,0.23297304,2
-0.19069958,-0.22603643,-0.18426949,-0.24555022,-0.19431335,-0.235003,-0.1522091,-0.27010325,-0.17179209,-0.25285435,-0.07926482,-0.21391657,-0.11578095,-0.2026796,-0.023416758,-0.07585698,-0.08016193,-0.104025066,-0.09829044,0.0074594617,-0.12094754,-0.024473965,0.011326969,0.000936985,-0.011326969,-0.000936985,-0.12487471,0.08413857,-0.14383131,0.08859283,-0.03164667,0.23344785,-0.038990498,0.22908932,2
-0.20191693,-0.20904055,-0.19789326,-0.22858632,-0.20448118,-0.21906134,-0.16807508,-0.25198117,-0.17917025,-0.23788884,-0.08898091,-0.19277158,-0.12165433,-0.18865678,-0.040108263,-0.0664525,-0.09013778,-0.09273064,-0.110738575,0.019398391,-0.12643695,-0.015208542,0.008287728,0.004512012,-0.008287728,-0.004512012,-0.14059353,0.10134035,-0.12576073,0.06452763,-0.048312724,0.25691032,-0.00609231,0.17899323,2
-0.20456612,-0.19362053,-0.20130014,-0.21265563,-0.20763588,-0.20232448,-0.17019504,-0.24227962,-0.17952389,-0.22408453,-0.093578935,-0.19321969,-0.1194095,-0.18743056,-0.04199946,-0.05750841,-0.08811861,-0.094109,-0.11062509,0.023209631,-0.12054241,-0.004116237,0.007676363,0.002004087,-0.0076763034,-0.0020040274,-0.12027717,0.09363043,-0.1325897,0.089710295,-0.03132528,0.24419707,-0.0453555,0.22294784,2
-0.21133608,-0.17568177,-0.20934886,-0.19575864,-0.2166993,-0.18396366,-0.18073976,-0.23007789,-0.19026291,-0.20865735,-0.106212676,-0.18607333,-0.12190914,-0.17863432,-0.053548455,-0.050870657,-0.08353007,-0.08621323,-0.115647435,0.030752718,-0.12004113,0.0029626489,0.0048974752,0.001032412,-0.0048974156,-0.0010323524,-0.12672156,0.09527552,-0.13826585,0.09529722,-0.029680848,0.24794775,-0.052081883,0.22871071,2
-0.21931559,-0.15928823,-0.21864492,-0.1788173,-0.2246548,-0.16746351,-0.1965797,-0.21520701,-0.20248467,-0.19760936,-0.12802148,-0.1810807,-0.12888193,-0.17395312,-0.06633216,-0.046215773,-0.07977712,-0.074077725,-0.12089449,0.041888118,-0.12478036,0.018511951,0.0007953048,-0.00042021275,-0.0007953048,0.00042027235,-0.13914865,0.0957523,-0.1426192,0.10388416,-0.025835574,0.2488063,-0.039436817,0.24098676,2
-0.22091013,-0.15509778,-0.21914965,-0.17341635,-0.22486669,-0.16434672,-0.19511467,-0.20991012,-0.20203471,-0.19758767,-0.12544143,-0.17552695,-0.13299203,-0.17610794,-0.06895882,-0.033978105,-0.085303605,-0.06929964,-0.11965704,0.04090357,-0.123607755,0.024019778,0.0030648708,0.0014434457,-0.0030648708,-0.0014434457,-0.13042665,0.09905177,-0.13769948,0.09574759,-0.018466353,0.24257314,-0.02973026,0.22356421,2
-0.21926379,-0.1444112,-0.2189821,-0.16122955,-0.22462046,-0.15308997,-0.19921786,-0.1978004,-0.20531589,-0.1847525,-0.12654406,-0.16723228,-0.1418137,-0.16434783,-0.070331216,-0.02360183,-0.09604442,-0.052321613,-0.13063395,0.060587466,-0.13415515,0.047991574,0.0053525567,0.001049757,-0.0053526163,-0.001049757,-0.11836994,0.10625833,-0.1354531,0.100064754,-0.014856458,0.2498424,-0.036389887,0.22367775,2
-0.22369087,-0.12781885,-0.22280717,-0.14451373,-0.2304089,-0.1372909,-0.20345426,-0.18271449,-0.2151736,-0.17280257,-0.1357547,-0.1538398,-0.14758652,-0.159212,-0.08112717,-0.00068318844,-0.0969733,-0.045927525,-0.14211404,0.07850528,-0.14061743,0.059325337,0.0046368837,0.0019853115,-0.0046368837,-0.001985252,-0.12115115,0.111046314,-0.13651276,0.105805814,-0.012460887,0.24794209,-0.030562878,0.2275548,2
-0.2206499,-0.12495196,-0.22316408,-0.14202562,-0.22487712,-0.13347748,-0.2032063,-0.17924768,-0.1958456,-0.16536346,-0.13693714,-0.14812937,-0.12592793,-0.14968929,-0.089464664,-0.00303483,-0.08438194,-0.038549423,-0.14299715,0.090441406,-0.12717152,0.076940596,-0.004691899,0.00069993734,0.004691839,-0.00069987774,-0.11323559,0.105573475,-0.10243225,0.103487134,-0.01938206,0.23868752,-0.02182126,0.21558827,2
-0.2259106,-0.12246752,-0.22986329,-0.13901198,-0.23011887,-0.13206714,-0.21328026,-0.18065971,-0.20056117,-0.16982624,-0.1499129,-0.15561512,-0.12740517,-0.16087964,-0.1059525,-0.00294739,-0.07755333,-0.03657645,-0.14924818,0.09365791,-0.12546837,0.07875943,-0.007973015,0.0012390614,0.007973075,-0.0012390614,-0.11574137,0.10672951,-0.103937745,0.101694345,-0.026078343,0.2395029,-0.023306072,0.2152744,2
-0.25042325,-0.09501964,-0.2524128,-0.10980868,-0.25299954,-0.10580939,-0.23480958,-0.1529454,-0.22654676,-0.15337154,-0.17448914,-0.12452364,-0.14858347,-0.15372586,-0.13830769,0.041016817,-0.10565907,-0.04966837,-0.18594491,0.13101482,-0.15194756,0.066497326,-0.0076311827,0.0048282146,0.007631123,-0.0048282146,-0.14025086,0.12210888,-0.13242632,0.11695588,-0.028294683,0.24596894,-0.04325825,0.22973877,2
-0.24201447,-0.09944713,-0.24681753,-0.11342448,-0.24430364,-0.11003709,-0.23207647,-0.15713102,-0.2132402,-0.15451235,-0.16980553,-0.13188028,-0.13826197,-0.16167688,-0.13524115,0.038352787,-0.095113814,-0.047800124,-0.17638546,0.12944072,-0.13505733,0.05732411,-0.010500073,0.0054198503,0.010500133,-0.0054197907,-0.11181784,0.11873281,-0.09396362,0.104916394,-0.014391363,0.23957509,-0.013843298,0.21069145,2
-0.24702129,-0.09067178,-0.25048152,-0.10620624,-0.25094548,-0.10100764,-0.23326308,-0.14998043,-0.22203237,-0.14571834,-0.17652833,-0.11859286,-0.14419061,-0.14729047,-0.15206826,0.061292052,-0.10873562,-0.02663219,-0.1933726,0.16433722,-0.15932935,0.11566931,-0.010201871,0.003977716,0.010201931,-0.003977716,-0.11986297,0.116876304,-0.1079157,0.10829091,-0.004878223,0.23886633,-0.022453606,0.21306074,2
-0.24326003,-0.08868766,-0.24646923,-0.10420787,-0.24759942,-0.099197865,-0.23266935,-0.1471825,-0.22401878,-0.14328182,-0.18197078,-0.11781329,-0.15033084,-0.14148378,-0.16612619,0.067561865,-0.11992818,-0.005231142,-0.19730818,0.17047274,-0.1825549,0.1449722,-0.009291172,0.002167344,0.009291172,-0.002167344,-0.1163069,0.1073823,-0.11258477,0.10144913,0.0093871355,0.22782314,-0.018330574,0.20516574,2
-0.24573675,-0.08902955,-0.2488558,-0.103577435,-0.24745446,-0.09924352,-0.2362932,-0.14584792,-0.21947715,-0.14566556,-0.18856996,-0.116518915,-0.14507067,-0.14761364,-0.1765368,0.067919254,-0.11781043,-0.021735072,-0.21434915,0.18022919,-0.18339711,0.13920712,-0.013189018,0.0034052134,0.013189018,-0.0034052134,-0.13443017,0.0897153,-0.12268621,0.08636683,0.004059434,0.21307737,-0.016542554,0.19733351,2
-0.26039785,-0.069230616,-0.2630872,-0.08332747,-0.26206654,-0.07944167,-0.25039762,-0.1242879,-0.23532155,-0.12606543,-0.20658517,-0.09626323,-0.15377712,-0.13397378,-0.20223296,0.08926815,-0.12492961,-0.019984186,-0.24532282,0.20505303,-0.18448424,0.12339133,-0.015575707,0.0042865872,0.015575707,-0.0042865872,-0.14941841,0.089052856,-0.12865531,0.08980572,-0.0083552,0.21222699,-0.019234478,0.20383877,2
-0.26060748,-0.06004733,-0.2631608,-0.07271105,-0.26046142,-0.070305586,-0.2537745,-0.116659045,-0.23693547,-0.120943606,-0.20915192,-0.09419054,-0.16735083,-0.12752068,-0.21633291,0.10718304,-0.15923613,0.013196409,-0.2685881,0.2240125,-0.2387842,0.18638378,-0.011979997,0.002840221,0.011979997,-0.002840221,-0.14603579,0.09023869,-0.13343698,0.09463084,0.0050489306,0.20073062,-0.011049449,0.20129526,2
-0.25302762,-0.049660683,-0.2544669,-0.06063938,-0.2519337,-0.061941445,-0.2487014,-0.09780508,-0.23636407,-0.10857773,-0.20659155,-0.075252056,-0.17693639,-0.111115515,-0.2205756,0.12880772,-0.17324907,0.031915307,-0.27975816,0.25017834,-0.25358102,0.20203984,-0.008580625,0.0034744143,0.008580625,-0.0034744143,-0.13303572,0.10475242,-0.11221272,0.101994514,0.0065994263,0.20183694,0.020661116,0.19586146,2
-0.25044015,-0.034834445,-0.2534631,-0.042684436,-0.2440778,-0.05001253,-0.2543423,-0.07833463,-0.2196328,-0.10400087,-0.21891192,-0.054296494,-0.15607512,-0.12058753,-0.22974098,0.14119232,-0.14692128,-0.006476462,-0.28043178,0.24566454,-0.22782633,0.16423279,-0.019626379,0.010527015,0.019626379,-0.010527015,-0.13212907,0.12340385,-0.10067397,0.09751266,0.018348813,0.2132228,0.029366732,0.18391287,2
-0.2545645,-0.02921629,-0.25629473,-0.03728211,-0.24756166,-0.04463941,-0.2576284,-0.077819824,-0.22670117,-0.10198158,-0.22136974,-0.05868268,-0.17026472,-0.116469085,-0.24908128,0.15293646,-0.16874659,0.0196926,-0.2977266,0.25302553,-0.24012911,0.18607265,-0.015975416,0.0084142685,0.015975416,-0.0084142685,-0.13461304,0.119362414,-0.101465404,0.09546965,0.017966092,0.19855595,0.041030407,0.17188436,1
-0.23643759,0.01722449,-0.24062112,0.012616634,-0.23160216,0.0028240085,-0.2415461,-0.0199368,-0.21340954,-0.048879743,-0.20637676,-0.0022010207,-0.16307724,-0.071416855,-0.22242963,0.21614647,-0.16555709,0.06798631,-0.3050688,0.3342442,-0.25182942,0.2507074,-0.013190925,0.0103517175,0.013190985,-0.010351658,-0.08518362,0.16349107,-0.06371981,0.13707834,0.03937006,0.2358082,0.047315955,0.20662844,1
-0.2475496,0.044211864,-0.25260326,0.037968874,-0.24336913,0.03105241,-0.25266278,0.005413711,-0.22775227,-0.0161556,-0.21378139,0.014564753,-0.1748381,-0.03512305,-0.22502571,0.20918202,-0.18469352,0.102651775,-0.289943,0.32548386,-0.25818282,0.2778713,-0.011409342,0.0070108175,0.011409283,-0.007010877,-0.08411807,0.16489005,-0.069090545,0.13428843,0.029744446,0.23965889,0.023885608,0.19238448,1
-0.24585626,0.049268246,-0.24847686,0.041539907,-0.24414551,0.03518355,-0.24434376,0.0066177845,-0.23808172,-0.012397826,-0.20377412,0.010389209,-0.19239861,-0.027730525,-0.21286175,0.20707113,-0.19561756,0.12136525,-0.2733525,0.32987362,-0.26152322,0.2978536,-0.0024616718,0.0032892823,0.0024616718,-0.0032892823,-0.05335486,0.17999345,-0.048075616,0.1574086,0.0530259,0.23186564,0.053706527,0.19805998,1
-0.23303261,0.041452527,-0.2373769,0.036548138,-0.224964,0.026202798,-0.2399944,0.0008087158,-0.21263623,-0.02668029,-0.19763806,0.0048419833,-0.18254742,-0.042510033,-0.19899172,0.200086,-0.18626177,0.10406327,-0.24341872,0.30466455,-0.24099198,0.2740637,-0.0044770837,0.004810095,0.0044770837,-0.0048101544,-0.016870737,0.1889503,-0.018322706,0.15742582,0.09295559,0.20191604,0.08222926,0.16303307,1
-0.22456351,0.008036673,-0.23039588,0.0024490356,-0.21862254,-0.004977584,-0.23530042,-0.034881532,-0.208586,-0.05528897,-0.1900433,-0.030096829,-0.17847762,-0.06778556,-0.1879161,0.14261907,-0.17006487,0.058847725,-0.2308858,0.24310708,-0.21880278,0.19752085,-0.003697753,0.0030866861,0.003697753,-0.0030867457,-0.013443351,0.14810908,-0.01519084,0.11636156,0.10318363,0.14110857,0.094813764,0.095802784,1
-0.26718277,-0.05486846,-0.273456,-0.059875667,-0.26038194,-0.07028967,-0.27487463,-0.095562816,-0.24215648,-0.1236161,-0.21488756,-0.08139539,-0.19587237,-0.13025415,-0.20489138,0.081088066,-0.18095487,-0.014516771,-0.24511847,0.19134307,-0.22979149,0.15732974,-0.0063714385,0.0069913864,0.0063714385,-0.006991446,-0.04249859,0.12734151,-0.027854443,0.08336055,0.032805085,0.11114532,0.056222796,0.052895844,1
-0.24730852,-0.026647568,-0.25400943,-0.0333907,-0.2444844,-0.039764583,-0.25437778,-0.06865549,-0.23160276,-0.08727729,-0.20026743,-0.05750805,-0.1887143,-0.09642202,-0.17379633,0.08905196,-0.15889123,0.0065276027,-0.2106446,0.1905719,-0.2032252,0.18179679,-0.0039997697,0.0029578805,0.00399971,-0.0029578805,-0.0063990355,0.15117937,-0.003147602,0.1212731,0.09470081,0.121218204,0.09432995,0.07678205,1
-0.2431505,0.009188414,-0.25369698,0.007925153,-0.23776934,-0.0045114756,-0.26690096,-0.0337587,-0.22959611,-0.06418669,-0.21411258,-0.042785466,-0.1930311,-0.09774917,-0.18515709,0.11025876,-0.16440004,0.0038766265,-0.21560991,0.19166744,-0.20823482,0.1657598,-0.0071880817,0.006662309,0.007188022,-0.006662309,-0.0061243773,0.14206946,0.0018037558,0.09609538,0.08450556,0.11222243,0.091264606,0.04898101,1
-0.23301649,-0.0011637211,-0.24401885,-0.0022832155,-0.2246379,-0.017586052,-0.2581333,-0.052992165,-0.20497179,-0.08925265,-0.21255869,-0.058451474,-0.15987292,-0.12584442,-0.18214524,0.09177083,-0.12180287,-0.03119111,-0.19986004,0.15444297,-0.16748658,0.12624967,-0.01814133,0.0093970895,0.01814133,-0.0093970895,0.008234024,0.10107291,0.026435435,0.047768712,0.0959723,0.07721084,0.10029113,0.016002655,1
-0.23039454,-0.03122127,-0.24095383,-0.03450793,-0.2211236,-0.050322235,-0.25241795,-0.07819992,-0.19613701,-0.11702329,-0.21113506,-0.06823248,-0.14341864,-0.14304674,-0.17321327,0.07654059,-0.09446177,-0.05716884,-0.18748373,0.1277169,-0.15296403,0.095128894,-0.02264893,0.01080817,0.022648871,-0.01080811,0.026194513,0.068045974,0.04574281,0.012859404,0.11130148,0.070435524,0.11272246,0.014241099,1
-0.23104268,-0.074523985,-0.24319825,-0.079624474,-0.22003874,-0.09330219,-0.25479883,-0.121584594,-0.19243822,-0.15838987,-0.20603019,-0.09287244,-0.13641974,-0.18048036,-0.15514344,0.065897524,-0.01241976,-0.12188345,-0.16664451,0.09023672,0.066865206,-0.034738302,-0.021648705,0.011868238,0.021648705,-0.011868179,0.022781253,0.011076689,0.053218663,-0.043734014,0.12178731,0.035473585,0.12794232,-0.022325635,1
-0.19874993,-0.04854852,-0.20913506,-0.05256933,-0.18548036,-0.0698061,-0.22092104,-0.08163577,-0.15924048,-0.1250779,-0.18508908,-0.037018716,-0.115133494,-0.13644075,-0.1468896,0.11237925,0.01679957,-0.08534169,-0.14525461,0.113249004,0.12692249,0.009505808,-0.021639705,0.013720989,0.021639705,-0.013720989,0.070952296,0.050790608,0.09807068,-0.01665479,0.17182416,0.07868099,0.16426528,0.0133036375,1
-0.15414706,-0.04516554,-0.16315109,-0.04931158,-0.14436173,-0.06074339,-0.18235299,-0.060186088,-0.1295802,-0.086573005,-0.15734068,-0.012501895,-0.09011912,-0.087301075,-0.113485456,0.11124343,0.052030623,-0.037112117,-0.07538849,0.1269753,0.17031461,0.029437125,-0.020255864,0.009926438,0.020255864,-0.009926438,0.087343216,0.040591776,0.119013965,-0.025306404,0.21372223,0.10440594,0.21306276,0.022377908,1
-0.14131367,-0.030807078,-0.15303752,-0.03265512,-0.13103181,-0.04402125,-0.18364131,-0.034086585,-0.12268317,-0.061311424,-0.17119917,0.004083872,-0.08111477,-0.0614233,-0.13038456,0.10772979,0.08110124,-0.022990286,-0.10665208,0.12629187,0.17995483,0.025417328,-0.025505364,0.008089781,0.025505334,-0.008089781,0.08950722,0.016217887,0.11051196,-0.0483613,0.22649008,0.10267252,0.20730913,0.019703507,1
-0.027231336,-0.097868145,-0.039613783,-0.10634875,-0.016862065,-0.10794687,-0.09142876,-0.101229966,-0.018355966,-0.10276985,-0.12310022,-0.055161476,0.007586241,-0.057570815,-0.079170585,-0.03467822,0.16021776,-0.048738003,-0.012002438,-0.0070851445,0.21492082,-0.0069594383,-0.041816115,-0.0064234734,0.041816115,0.0064234734,0.11442518,-0.026403904,0.16896516,-0.047756016,0.26936162,0.050699115,0.27562863,0.02233994,1
-0.010243416,-0.0757125,-0.027100176,-0.07766205,-0.0027369559,-0.0823372,-0.08572811,-0.062313616,-0.008467466,-0.07075125,-0.11560956,-0.016330004,0.017261237,-0.05600655,-0.087596685,0.021442413,0.16189739,-0.07169777,-0.041107655,0.023399651,0.2205992,-0.01993066,-0.041814864,0.0031241775,0.041814864,-0.0031241775,0.08544108,-0.0054787993,0.15007898,-0.05716127,0.22043696,0.06519896,0.23511878,-0.0031770468,1
-0.0874902,-0.019243836,-0.10926443,-0.015782952,-0.07589769,-0.019671202,-0.16967559,0.018562376,-0.0636861,0.009427428,-0.1908662,0.06555456,-0.007865012,0.018226862,-0.13285023,0.063931465,0.1287418,-0.048361957,-0.077189445,0.0055202246,0.15843129,-0.017523646,-0.05857402,0.0027320385,0.05857399,-0.0027320385,0.04227972,-0.05942124,0.11443317,-0.09056717,0.21072799,0.034594536,0.20137876,-0.00035214424,1
-0.037656248,0.031034648,-0.058799654,0.033884466,-0.016640902,0.03505242,-0.11881241,0.049886882,0.0067374706,0.050402045,-0.16072309,0.06770331,0.04531765,0.018917501,-0.16134608,0.036541343,0.15075079,-0.10316557,-0.11865625,0.01456511,0.2124125,-0.026949346,-0.063491195,0.0020041466,0.063491195,-0.002004087,0.037379324,-0.10460675,0.121206075,-0.11979818,0.24963513,-0.006868303,0.22238627,-0.020314574,1
-0.052577585,-0.04026127,-0.06644222,-0.0384925,-0.036129057,-0.039476216,-0.1087752,-0.009614646,-0.018610269,-0.014966726,-0.14452837,0.023323357,0.018420517,-0.012544692,-0.14896923,-0.01181829,0.15881762,-0.11465514,-0.13175538,0.0014315844,0.23224583,-0.042264044,-0.04833418,-0.0009688735,0.04833418,0.0009689331,0.078460366,-0.11207175,0.1371158,-0.12731671,0.2659175,-0.03032583,0.24905714,-0.044040143,1
-0.06909567,-0.0626868,-0.09461585,-0.067980945,-0.061373055,-0.06669694,-0.1461398,-0.04395342,-0.05016324,-0.043370903,-0.15482886,0.040337145,-0.0036316812,-0.016007066,-0.14550143,0.007849395,0.14295197,-0.15733206,-0.1877187,-0.02190113,0.20963466,-0.09867674,-0.048421353,0.004394114,0.048421323,-0.0043940544,0.042841524,-0.1120491,0.11025256,-0.1397292,0.20043933,-0.08582258,0.1600551,-0.11980009,1
-0.06550798,-0.060570896,-0.086182326,-0.07148522,-0.06412551,-0.07347262,-0.13993047,-0.053576827,-0.07556552,-0.05820346,-0.13098443,0.04626876,-0.042295396,0.007561147,0.04333368,-0.028786302,0.13804972,-0.12339938,0.22143883,-0.048707247,0.2178775,-0.082606375,-0.03683898,0.0012156963,0.03683901,-0.0012156367,0.058935523,-0.10896486,0.111979604,-0.15731049,0.21767682,-0.091718316,0.19956976,-0.16266602,1
-0.12008652,-0.054138422,-0.13996783,-0.057772458,-0.114641845,-0.055904984,-0.17463972,-0.030536115,-0.098076135,-0.026673853,-0.16323522,0.056200564,-0.039530605,-0.002762556,-0.1616454,0.022014558,0.11021966,-0.13001758,-0.15155765,-0.03242618,0.19311291,-0.0784809,-0.039282024,0.008332372,0.039281994,-0.008332431,0.022103846,-0.11086345,0.07126099,-0.17868006,0.19767565,-0.09887779,0.156088,-0.19174737,1
-0.18271355,-0.023741066,-0.2028971,-0.022692919,-0.17282915,-0.018050551,-0.22566624,0.007052958,-0.13693532,0.015986323,-0.19759376,0.06953114,-0.05267003,0.011402488,-0.19679558,0.03732866,0.09902847,-0.12762797,-0.19685793,0.014847398,0.19311011,-0.09539354,-0.042899072,0.008152723,0.042899072,-0.008152723,0.018155903,-0.08451152,0.07829237,-0.14112478,0.18601906,-0.09831679,0.14737332,-0.18776911,1
0.066217095,-0.011992097,0.05404812,-0.006406009,0.07153976,-0.0062463284,0.012946337,0.013019204,0.064024985,0.015818715,-0.04619381,0.016971111,0.072853,-0.0016605258,-0.1081247,-0.052936375,0.129863,-0.12926447,-0.16462298,0.051115215,0.19509181,-0.08165169,-0.040883332,0.00031602383,0.040883332,-0.00031602383,-0.035830528,-0.12699342,0.12576476,-0.13096303,0.0083090365,-0.06494123,0.19143167,-0.08475429,1
0.023881704,0.0030357242,0.011902392,0.013905764,0.030796945,0.016640067,-0.023107171,0.040769577,0.033527076,0.051931143,-0.058445424,0.028336167,0.05460742,0.03669387,-0.08529079,-0.07788181,0.15572745,-0.09179503,-0.0847168,-0.046700895,0.23165041,-0.106328726,-0.037573695,-0.0037503242,0.037573665,0.0037503839,-0.000492692,-0.12449956,0.13980061,-0.1409899,0.03457421,-0.09415275,0.19729787,-0.14592272,1
-0.025866568,-0.062049508,-0.045933306,-0.06602955,-0.02267778,-0.059624612,-0.10030042,-0.041237175,-0.019313067,-0.020380497,-0.14544943,0.010836542,0.04731843,-0.0091792345,-0.15283476,-0.048176944,0.17466974,-0.15433395,-0.07232949,-0.09742892,0.23237002,-0.15313411,-0.06649506,-0.0019680262,0.06649506,0.0019680858,-0.026349574,-0.15573865,0.15453401,-0.17043483,0.06768629,-0.15894723,0.206904,-0.19263709,1
-0.0071902573,-0.014665604,-0.021105677,-0.024307787,-0.0020323098,-0.014200449,-0.06303656,-0.01577276,0.002361238,0.010687828,-0.10314755,0.019452572,0.048095793,0.0062143803,-0.10589816,-0.06782508,0.16467473,-0.16544598,-0.022969604,-0.1241132,0.23978743,-0.16231096,-0.047437638,-0.003856063,0.047437638,0.003856063,0.027184159,-0.13218343,0.12099007,-0.13551587,0.18081942,-0.16139323,0.18268576,-0.1852606,1
-0.20153344,0.0023943782,-0.2087557,-0.006057024,-0.2095244,0.0049987435,-0.20097145,-0.0046203732,-0.2027826,0.022684515,-0.14629087,0.0021676421,-0.124997735,0.019533277,-0.065246075,-0.09711623,0.03364092,-0.09896284,-0.054564565,-0.10807645,0.14325327,-0.13193583,-0.005102843,-0.0085096955,0.005102843,0.0085096955,0.06744915,-0.14532238,0.08314875,-0.14660048,0.15142119,-0.124221325,0.15028614,-0.15053022,1
-0.2023228,0.04831046,-0.2098625,0.03547269,-0.20785895,0.04943484,-0.19501404,0.024174094,-0.19738667,0.056800604,-0.13260023,0.009270847,-0.123556495,0.034356654,-0.04195565,-0.07681322,0.0027701259,-0.08250368,-0.043660432,-0.06331092,0.09069556,-0.1253233,-0.00068178773,-0.010465741,0.00068181753,0.010465741,0.070421964,-0.12225956,0.07768199,-0.10629696,0.14427,-0.08917421,0.13122165,-0.09584379,1
-0.22573303,0.018540263,-0.23367645,0.007142842,-0.23656008,0.023925602,-0.21928777,-0.00056260824,-0.22803101,0.040344596,-0.14773177,-0.003183782,-0.1472114,0.027525783,-0.06933996,-0.09745735,-0.017989874,-0.08304936,-0.07571682,-0.09980577,0.061763525,-0.11830896,0.0010393858,-0.009527564,-0.0010393858,0.009527564,0.043123156,-0.13604373,0.047813892,-0.13463825,0.12829614,-0.10919899,0.12124932,-0.13781637,1
-0.18642998,-0.032998025,-0.20610867,-0.040563047,-0.19697283,-0.027522445,-0.22917692,-0.035001874,-0.20651408,-0.001064837,-0.17540252,-0.018569648,-0.13712293,0.016431212,-0.050394326,-0.12428254,-0.0021267533,-0.12039095,-0.062307447,-0.09390128,0.025385976,-0.14093345,-0.013335258,-0.013245821,0.013335258,0.013245761,0.06311679,-0.14900464,0.076619476,-0.13650626,0.15396705,-0.13832533,0.14455298,-0.14934361,1
-0.21464746,0.010858417,-0.22802138,0.0041906238,-0.22825256,0.019997835,-0.23169705,0.026716232,-0.2355441,0.06665075,-0.17025909,0.031831205,-0.15705752,0.067650735,-0.075244576,-0.0565297,-0.084282696,-0.049307108,-0.091905355,-0.04159659,-0.09346515,-0.09302902,-0.0037202835,-0.012611091,0.0037203133,0.012611091,0.054926187,-0.17930168,0.058512717,-0.16204435,0.12159979,-0.12268376,0.1068137,-0.1332655,1
-0.2336307,0.006531894,-0.24829575,-0.0050751567,-0.24676731,0.01068306,-0.25127542,0.0010812879,-0.25019538,0.039964557,-0.18351156,0.0067083836,-0.16275011,0.036396265,-0.08560443,-0.055891156,-0.086306185,-0.06404221,-0.118441105,-0.04932201,-0.13005555,-0.09752035,-0.0064387023,-0.010087252,0.0064386725,0.010087252,0.03460607,-0.1483556,0.04228905,-0.13860708,0.10554713,-0.09765291,0.09156495,-0.11328757,1
-0.2071762,0.011206627,-0.22580226,-0.0019580126,-0.22126448,0.017641485,-0.23545632,0.0026623607,-0.22558808,0.051046968,-0.17125054,0.014534712,-0.1388376,0.044401884,-0.07495317,-0.05056441,-0.064080805,-0.06933701,-0.10859397,-0.04291129,-0.10312146,-0.10084158,-0.010699004,-0.0101261735,0.010699034,0.0101261735,0.037979394,-0.1358586,0.058600843,-0.12680286,0.1211229,-0.08583671,0.09921715,-0.10857153,1
-0.16988145,0.0267483,-0.18409993,0.014010727,-0.17568806,0.03072828,-0.18509446,0.020378351,-0.16659304,0.060341537,-0.13492647,0.034210205,-0.09577313,0.055875838,-0.05737111,-0.025396824,-0.032223374,-0.042675555,-0.08822881,-0.0134186745,-0.061975777,-0.055271864,-0.013124675,-0.008797884,0.013124645,0.008797944,0.06046924,-0.10544306,0.09170678,-0.09477663,0.1546678,-0.077589214,0.14043987,-0.09008342,1
-0.19585787,0.025114357,-0.2098551,0.014839292,-0.20529415,0.032890797,-0.20699033,0.017858088,-0.19910082,0.061507463,-0.14563337,0.01773429,-0.13190661,0.043794155,-0.0803746,-0.011725783,-0.09384975,-0.019278765,-0.10702604,-0.009157479,-0.116316825,-0.032441854,-0.003910333,-0.010194182,0.003910303,0.010194123,0.057722002,-0.11852872,0.067300946,-0.10970724,0.13624692,-0.062484026,0.12014839,-0.07829487,1
-0.20617108,0.0009843707,-0.21855815,-0.013011932,-0.21319987,-0.0007277727,-0.21721943,-0.02017355,-0.19471395,0.006008029,-0.16658136,0.0017816424,-0.116341025,0.0140452385,-0.11450884,-0.029823542,-0.048470587,-0.043385386,-0.17286903,-0.008780658,-0.1330095,-0.039973915,-0.018093467,-0.0039992332,0.018093467,0.0039992332,-0.0088790655,-0.08356768,0.008048415,-0.089736044,0.08306423,-0.06490886,0.07269448,-0.084613025,1
-0.22081652,0.028770447,-0.23696613,0.012468576,-0.23262195,0.028500915,-0.23818453,-0.0010119677,-0.2176437,0.03588903,-0.17289162,0.016312122,-0.12642664,0.033203542,-0.08938596,-0.015751362,-0.052458614,-0.031230867,-0.14755741,-0.0044528246,-0.14279637,-0.034784436,-0.018064499,-0.0040353537,0.018064499,0.0040354133,-0.011157334,-0.061505735,0.013362974,-0.06758517,0.066658825,-0.052048266,0.05978027,-0.07720536,1
0.053699523,-0.13108808,0.044889957,-0.14184731,0.06528205,-0.13081431,0.026408702,-0.121239066,0.104368895,-0.097958386,-0.009445488,-0.049760044,0.12117943,-0.045651376,-0.095366865,-0.009292543,0.07162154,-0.024826705,-0.15006414,-0.01926446,-0.0041617155,-0.039370418,-0.045034766,0.00092977285,0.045034766,-0.00092977285,-0.07461101,-0.04034263,0.04319641,-0.034297407,-0.026278853,-0.051566422,0.066468805,-0.052241564,1
-0.0036605895,-0.07312775,-0.01614222,-0.08079052,0.0073454976,-0.07162571,-0.0328919,-0.066970766,0.041863978,-0.045857787,-0.052634656,-0.020114362,0.06687322,-0.015186787,-0.117611885,-0.024810314,0.018633097,-0.032310545,-0.17039776,-0.017912865,-0.08262357,-0.0038916469,-0.042066246,-0.0007093549,0.042066246,0.0007093549,-0.04161957,-0.048918724,0.06625396,-0.04930502,0.014804691,-0.044253826,0.09436372,-0.053832114,1
0.013748646,-0.045863032,0.0018965602,-0.047940075,0.017163694,-0.04387325,-0.024936378,-0.02844888,0.023649782,-0.017911673,-0.05316776,-0.0053465366,0.044442356,0.007138014,-0.1006594,-0.043086886,0.037413687,-0.029003918,-0.16942105,-0.009067595,-0.04781294,-0.026657403,-0.035038173,-0.002063334,0.035038143,0.002063334,-0.043717325,-0.05819422,0.050674736,-0.05551988,-0.021776795,-0.037008643,0.06871343,-0.045630395,1
0.010738999,-0.012210667,0.00023981929,-0.014507115,0.012539446,-0.011934876,-0.025508434,0.0034106374,0.012426138,0.010225475,-0.05901587,0.02252996,0.030426145,0.019990385,-0.12232527,-0.013671279,0.057861954,-0.034873247,-0.19320153,0.02427584,0.046307534,-0.02309668,-0.02952373,-0.0017699003,0.02952373,0.0017699599,0.0038422346,-0.09478611,0.07481587,-0.093319535,0.04711783,-0.029613018,0.101994574,-0.03425044,1
-0.015894204,0.0019261241,-0.022588909,0.00072938204,-0.012260646,0.0048244,-0.03743574,0.019123912,-0.0058408976,0.03012991,-0.056179076,0.036096573,0.010689139,0.027492404,-0.12662873,0.01650107,-0.012570083,-0.019912004,-0.16762304,0.06145823,-0.09775469,0.039949954,-0.022999585,0.0002513528,0.022999555,-0.0002514124,0.012507498,-0.09306735,0.08010486,-0.10457462,0.061555415,-0.0013328791,0.12357569,-0.016900122,1
-0.036000907,-0.02634561,-0.045258313,-0.03243798,-0.036607802,-0.029641807,-0.064436495,-0.01867634,-0.036401868,-0.011686087,-0.07863885,0.009179652,-0.011139035,0.0077343583,-0.12562582,0.0021850467,-0.031816065,-0.018635929,-0.20662124,0.013790011,-0.16744527,-0.00026619434,-0.024205148,-0.00054877996,0.024205178,0.00054872036,-0.01224345,-0.056449354,0.039940953,-0.061585605,0.042002738,-0.04982972,0.0734359,-0.061243355,1
-0.035968035,0.02121079,-0.040774405,0.018625438,-0.038784415,0.022428751,-0.053711087,0.03941399,-0.046699762,0.052663684,-0.06857824,0.04323733,-0.016854197,0.05070007,-0.1140506,0.0073574185,-0.023468137,0.0029705167,-0.14871764,0.034858346,-0.13292113,0.03479904,-0.017777592,-0.0039973855,0.017777622,0.0039973855,0.044912606,-0.12872511,0.105311275,-0.12684369,0.059933662,-0.024156332,0.119762,-0.021986365,1
-0.19551381,0.007648647,-0.20802698,-0.0045517683,-0.201868,0.008974671,-0.20402513,0.005108714,-0.19326438,0.038923085,-0.14913356,0.03399539,-0.12812012,0.051736772,-0.11515525,0.04464692,-0.09889859,0.036790013,-0.16431588,0.019627571,-0.16625345,0.008110583,-0.006624311,-0.0068765283,0.006624341,0.0068764687,0.050294995,-0.10643965,0.06984526,-0.11138183,0.12243414,-0.038462996,0.11039531,-0.06930655,1
-0.024790496,-0.05881822,-0.035529584,-0.06775004,-0.027946204,-0.06055081,-0.043014854,-0.05441302,-0.025144458,-0.035206497,-0.033442914,-0.0193277,0.0064196885,-0.009903252,-0.045696586,-0.03581345,0.014061123,-0.038414717,-0.12664941,0.037849724,-0.10777357,0.013373971,-0.0139989555,-0.0006889701,0.0139989555,0.0006890297,0.03112784,-0.163795,0.06583944,-0.16196638,0.017542154,-0.023844898,0.036024928,-0.020714939,1
0.013886511,-0.05330521,0.007444948,-0.06120479,0.013414532,-0.057352126,-0.00070920587,-0.050816894,0.015146971,-0.037865877,-0.021066606,-0.026019156,0.028718382,-0.01783967,-0.0956952,-0.02317983,-0.0436112,-0.027515352,-0.16610155,0.019719005,-0.20971636,0.022761941,-0.01692748,-0.0016155839,0.01692748,0.0016155839,0.0155546665,-0.1593644,0.055036426,-0.15001476,-0.009586573,-0.025443375,0.011899143,-0.004790187,1
-0.20008913,0.019960225,-0.21605763,0.009006798,-0.21090338,0.020835876,-0.22113968,0.01758051,-0.2091164,0.048475146,-0.16823158,0.042741597,-0.13585734,0.051134884,-0.11469245,0.044938445,-0.0818125,0.015785694,-0.16413864,0.019057155,-0.14550471,0.010405242,-0.010407805,-0.0055149794,0.010407835,0.0055149198,0.06800008,-0.12175751,0.07634279,-0.13756812,0.13490361,-0.050935388,0.11471844,-0.09012717,1
0.035124958,-0.07441735,0.026815921,-0.085196555,0.032199383,-0.07828432,0.006839663,-0.074920356,0.03031516,-0.05507022,-0.03050968,-0.035261393,0.050908595,-0.032793343,-0.10842949,-0.011147916,0.012551457,-0.03676051,-0.15963063,0.0059977174,-0.11922449,0.0030307174,-0.026517779,-0.0026859045,0.026517779,0.0026859045,0.035252184,-0.13409948,0.09045097,-0.125364,0.052935928,-0.05571109,0.07403469,-0.039384782,1
0.019513637,-0.08211422,0.010275543,-0.09500384,0.008438051,-0.08677971,4.476309e-05,-0.085825324,-0.0027274191,-0.06406176,-0.008261502,-0.045315087,0.028217912,-0.045463026,-0.04861462,-0.034775615,0.04284185,-0.0642668,-0.15319484,0.024173379,-0.059286833,0.0040155053,-0.012717158,0.0009996891,0.012717187,-0.0009997487,0.012362123,-0.15374148,0.063718975,-0.14938313,-0.023140669,-0.023319483,0.026968896,-0.012969196,1
0.047640413,-0.10491991,0.036007375,-0.11451018,0.043109566,-0.10968888,0.012319297,-0.10266554,0.037702918,-0.08766121,-0.019849509,-0.053366005,0.06190023,-0.062092125,-0.08076236,-0.017359674,0.06767598,-0.054311395,-0.13977191,-0.0063943267,0.0008920729,0.0045312047,-0.02627638,0.0010546446,0.02627638,-0.0010546446,0.001362294,-0.1693281,0.071510166,-0.16581357,-0.019085258,-0.058809638,0.028448641,-0.049309254,1
-0.19003597,-0.018312156,-0.20124789,-0.02688992,-0.19639301,-0.016031861,-0.20365009,-0.011119068,-0.18937688,0.014721751,-0.16471696,0.0203951,-0.106945574,0.023287594,-0.14052433,0.028012514,-0.04937029,-0.005115688,-0.20065215,0.015496254,-0.17026931,0.006842077,-0.017301142,-0.003930509,0.017301172,0.003930509,0.034215152,-0.16650778,0.07636398,-0.15412414,0.09233409,-0.06813949,0.09887296,-0.057237208,1
-0.20847641,0.03326392,-0.2228597,0.024108112,-0.21655123,0.034629405,-0.22260138,0.033196926,-0.21125546,0.059767902,-0.16174176,0.05326289,-0.14527082,0.0582608,-0.09553373,0.056819856,-0.097329676,0.02870804,-0.1516515,0.021921694,-0.15322581,0.023439407,-0.0055184364,-0.0045661926,0.0055184662,0.004566133,0.06394562,-0.098653734,0.06878102,-0.11387128,0.13991654,-0.024200022,0.12251204,-0.06380606,1
-0.21447664,0.018742979,-0.22811511,0.00883013,-0.22482443,0.020391166,-0.23044616,0.013681114,-0.22212024,0.041676223,-0.16764492,0.040023983,-0.15013942,0.047620118,-0.09762421,0.04314196,-0.06836671,0.019427955,-0.16488503,0.0291754,-0.14696729,0.016164362,-0.0072466135,-0.005062461,0.0072466135,0.0050624013,0.061416686,-0.11603761,0.07852808,-0.11637324,0.13717994,-0.037148,0.13604131,-0.04372084,1
-0.21409944,0.018650949,-0.22874774,0.004618585,-0.22628802,0.02011013,-0.23027653,0.006723225,-0.22313899,0.04387808,-0.15928283,0.035811305,-0.14277267,0.05827838,-0.059069157,0.02513957,-0.043881804,0.023156166,-0.1169565,0.014708698,-0.12727934,0.017728686,-0.008100808,-0.0069751143,0.0081008375,0.0069751143,0.04633665,-0.12668127,0.065656275,-0.120031476,0.11502981,-0.048850954,0.11648023,-0.049029708,1
-0.19574308,0.025132656,-0.20738485,0.010405064,-0.20770931,0.024137557,-0.20632558,0.012408376,-0.20720574,0.044174373,-0.14142829,0.04470545,-0.13638946,0.0584749,-0.05014676,0.028283477,-0.03831631,0.010626912,-0.13221362,0.038225234,-0.12033349,0.022463799,-0.004360527,-0.00503844,0.0043605566,0.00503844,0.0586631,-0.11561102,0.06825262,-0.115496755,0.14180946,-0.027500868,0.14077616,-0.03143996,1
-0.1672824,0.00544399,-0.17966461,-0.011789858,-0.18348217,0.007430792,-0.18253614,-0.005104959,-0.19306903,0.039861023,-0.12370056,0.025545776,-0.12033668,0.05839169,-0.05120927,0.0021972656,-0.02710861,0.011472583,-0.16243228,0.039880216,-0.14715531,0.029129326,-0.0022594929,-0.008337438,0.0022594929,0.008337438,0.048650593,-0.14212114,0.062031478,-0.13045925,0.12656787,-0.020160913,0.12485388,-0.016072989,1
-0.09691417,0.05611351,-0.08894348,0.056394577,-0.08447158,0.036932617,-0.047409892,0.048359424,-0.046797693,-0.004718572,-0.017448187,0.07597852,-0.018966734,-0.06650689,-0.050423503,0.18487155,-0.067944765,-0.11157331,-0.14844084,0.12520373,-0.15469325,-0.031259358,-0.00055652857,0.03654647,0.00055652857,-0.03654647,-0.09751803,0.08268115,-0.09781861,-0.001214385,-0.12990463,0.086970985,-0.11395472,0.035073876,1
-0.08096373,0.06359184,-0.0688715,0.0647054,-0.06792104,0.0430575,-0.024751782,0.0595963,-0.034615397,0.00058838725,-0.0015565753,0.084558845,-0.011925578,-0.05804807,-0.029739022,0.19326103,-0.048041463,-0.0979546,-0.12931973,0.13239038,-0.1254512,-0.020269841,0.002809167,0.036863863,-0.002809167,-0.036863893,-0.09047061,0.08636722,-0.10474384,0.00071525574,-0.11069971,0.10371727,-0.10363209,0.053764552,1
-0.10690832,0.072348654,-0.09925747,0.07297361,-0.09834576,0.052645862,-0.06271565,0.06578624,-0.0678345,0.012450248,-0.0370124,0.089526504,-0.031367064,-0.05315715,-0.05680728,0.19722867,-0.06708729,-0.100594044,-0.15211523,0.13098091,-0.14690262,-0.018209428,-0.0024955273,0.034632087,0.0024955273,-0.034632117,-0.06896901,0.076856375,-0.06586379,-0.00061124563,-0.105502486,0.097892195,-0.08921182,0.05480337,1
-0.15395868,0.0729779,-0.15412742,0.07824516,-0.14428174,0.05684194,-0.13119936,0.06766215,-0.11217815,0.014128059,-0.0854038,0.0847384,-0.072861314,-0.060484946,-0.09027314,0.19862384,-0.11348474,-0.107416004,-0.18984264,0.13306433,-0.18567342,-0.019892067,-0.0042248964,0.0333786,0.004224837,-0.03337863,-0.052302778,0.086274534,-0.046476007,0.014184445,-0.100402,0.09082493,-0.09663302,0.053809136,1
-0.16392124,0.098753154,-0.15720326,0.100231856,-0.15735906,0.0806115,-0.12434882,0.09602311,-0.13404459,0.046060383,-0.08005881,0.108202636,-0.09509122,-0.021291465,-0.08328897,0.21717149,-0.11455786,-0.06739643,-0.18187702,0.16312176,-0.17743766,0.004166782,0.010562301,0.029150754,-0.01056236,-0.029150724,0.0043694973,0.13368076,-0.081475556,0.06961349,0.0093292,0.10606244,-0.11773533,0.0792948,1
-0.13885802,-0.005335629,-0.1310519,-0.007169336,-0.13876402,-0.023705184,-0.107467234,-0.003952086,-0.13269663,-0.044180155,-0.07010573,0.029823244,-0.106779516,-0.070448816,-0.086485445,0.14626855,-0.13309026,-0.08504698,-0.18210578,0.10872704,-0.2024126,-0.031041801,0.01647091,0.02228126,-0.01647091,-0.02228123,0.0034389496,0.080844104,-0.076539874,0.028370291,0.004392743,0.05764118,-0.09855586,0.030278206,1
-0.1635493,-0.033904016,-0.15370661,-0.040753335,-0.1716935,-0.05330056,-0.1331343,-0.030647278,-0.1851837,-0.06032777,-0.09976524,0.0062034726,-0.16112107,-0.049990326,-0.11012912,0.12362912,-0.18721825,-0.012908101,-0.20006019,0.0875043,-0.23182857,-0.006678432,0.023830175,0.007852972,-0.023830175,-0.007852972,0.043542802,0.05909753,-0.023239195,0.03900397,0.051658213,0.031062543,-0.009423673,0.019342482,1
-0.2231068,0.04959774,-0.22062832,0.043412,-0.22536707,0.03493437,-0.19456059,0.04365596,-0.2144031,0.02140978,-0.13723063,0.065331936,-0.15831602,0.00017267466,-0.1305719,0.20263138,-0.16176051,0.046140283,-0.21535552,0.15003517,-0.22872221,0.06576136,0.011772871,0.012148023,-0.011772871,-0.012148023,0.002178371,0.14542052,-0.048100054,0.11670977,0.026736677,0.09158224,-0.05334258,0.06998992,1
-0.20590293,0.08491859,-0.20413303,0.08016598,-0.20623219,0.07178849,-0.17421985,0.059981167,-0.18729472,0.03975755,-0.11416477,0.05759123,-0.13902277,-0.021982938,-0.11006993,0.18103391,-0.13707763,-0.0165191,-0.19706959,0.12457228,-0.18078542,0.019743979,0.012199163,0.016513169,-0.012199223,-0.016513169,0.008665085,0.1563074,-0.049517453,0.11529282,0.03604257,0.11439243,-0.04773283,0.08802307,1
-0.1875773,0.10718763,-0.18806314,0.10103989,-0.19149733,0.09377009,-0.1690796,0.08715376,-0.18884212,0.0684365,-0.12016958,0.08335599,-0.13959938,0.012822628,-0.11267829,0.19626963,-0.13661176,0.013213754,-0.18656081,0.15343559,-0.1857835,0.009130627,0.011603177,0.012455344,-0.011603177,-0.012455374,0.021138132,0.13858122,-0.03078729,0.11083761,0.0414778,0.0774515,-0.04873818,0.054852754,1
-0.12646496,0.08148959,-0.12936407,0.081299365,-0.12508923,0.0709376,-0.119647086,0.05790651,-0.11309147,0.032837182,-0.07566476,0.05524245,-0.085820794,-0.024995238,-0.07169682,0.15468287,-0.0978086,-0.01018551,-0.12951589,0.120881796,-0.12949705,0.09034136,0.0044882894,0.01909417,-0.0044882298,-0.01909417,-0.047248065,0.115226924,-0.074398756,0.06347749,-0.043636203,0.12568128,-0.09347606,0.08115977,1
-0.22537601,0.12874869,-0.21878296,0.120628625,-0.231659,0.111460716,-0.18997902,0.10148004,-0.22866452,0.077911615,-0.1424697,0.10108635,-0.17178524,0.017677158,-0.09693563,0.2023758,-0.14545101,-0.018286735,-0.11885208,0.187354,-0.17294526,0.03421408,0.010047853,0.011875272,-0.010047853,-0.011875272,0.052582324,0.09759602,0.027008414,0.06256616,0.10305703,0.013426036,0.07755029,-0.0030590892,1
-0.22999883,0.11674893,-0.23093677,0.112221956,-0.23443347,0.10429573,-0.21445471,0.09402314,-0.23280519,0.07265398,-0.15868247,0.0858424,-0.17534351,0.0017185807,-0.10670012,0.19124919,-0.13986862,-0.044965476,-0.15347356,0.18830758,-0.17612004,-0.03904608,0.00722456,0.0118531585,-0.0072246194,-0.0118531585,0.063984334,0.08798957,0.044598818,0.04523012,0.124920666,0.034983903,0.10360789,-0.007144928,1
-0.23742056,0.124414444,-0.23828542,0.120741606,-0.24010587,0.11066753,-0.22078407,0.094331354,-0.23487747,0.06780875,-0.1682486,0.09316978,-0.18204081,-0.009987086,-0.13459313,0.21480799,-0.15560329,-0.06827667,-0.16117424,0.2032687,-0.16147077,-0.050330877,0.005429864,0.014485776,-0.0054298043,-0.014485806,0.042862058,0.08952126,0.03015703,0.045787275,0.10313618,0.023948729,0.0840112,-0.011828423,1
-0.25792706,0.05971113,-0.2598765,0.056265026,-0.2586453,0.045025855,-0.24383229,0.045093983,-0.24592674,0.014014691,-0.18477356,0.064486414,-0.1806351,-0.0436258,-0.13127136,0.181543,-0.13107294,-0.10560393,-0.14157355,0.1662885,-0.14641869,-0.103295356,-0.00058436394,0.016628057,0.00058430433,-0.016628057,0.038170457,0.052006125,0.033407927,-0.009970576,0.10265517,0.020208627,0.09669787,-0.043453068,1
-0.2042684,0.090304315,-0.20561588,0.08689022,-0.20800489,0.07895747,-0.19052696,0.056664497,-0.19831169,0.037180245,-0.1464088,0.06647462,-0.14491951,-0.035822213,-0.12967241,0.18599796,-0.1165117,-0.09895995,-0.11704892,0.16823745,-0.09379166,-0.100385875,-0.00048691034,0.015916497,0.00048696995,-0.015916467,-0.0052307844,0.09317964,-0.0004094839,0.05053982,0.051052094,0.047102213,0.034491062,0.00797677,1
-0.20194048,0.063280284,-0.204122,0.06181431,-0.2037139,0.051319152,-0.19318551,0.044442832,-0.1931411,0.018704742,-0.1502133,0.06438112,-0.14089292,-0.042214185,-0.11703205,0.16894025,-0.100112855,-0.11487055,-0.099716544,0.13154066,-0.08408493,-0.11692521,-0.0031725764,0.016326696,0.0031725168,-0.016326666,0.022233486,0.03883329,0.027923107,-0.0090051,0.07739639,-0.03657961,0.06757522,-0.0781934,1
-0.3045988,0.013525218,-0.3074938,0.0027987957,-0.3138954,0.0037353933,-0.28845215,-0.0011709034,-0.30532396,-0.005194336,-0.2199797,0.036443412,-0.20985168,-0.041385055,-0.16120851,0.16340399,-0.1435296,-0.09319639,-0.19121689,0.13778728,-0.16382754,-0.11166811,-0.00022137165,0.008049637,0.00022143126,-0.008049637,0.03989017,0.040696353,0.039107203,0.015273064,0.12596017,-0.0020998418,0.10554254,-0.030517578,1
-0.31817308,0.0047837496,-0.32232457,-0.003813833,-0.32682616,-0.00464195,-0.30535537,-0.0012949109,-0.3177917,-0.006563872,-0.23468417,0.042434216,-0.22376388,-0.034724772,-0.17888302,0.15876064,-0.15447432,-0.09575915,-0.20856851,0.15214142,-0.15519363,-0.14788717,3.1352043e-05,0.006882131,-3.129244e-05,-0.006882131,0.08523953,0.038587093,0.080358386,0.009327352,0.16858816,-0.017329544,0.1458174,-0.0544011,1
-0.29533225,-0.03422606,-0.30089954,-0.045747697,-0.306862,-0.041875124,-0.2907512,-0.042936563,-0.30663472,-0.03596005,-0.22831821,0.0026311576,-0.2149275,-0.04606819,-0.16778278,0.0869391,-0.14317012,-0.11114633,-0.18291086,0.10170734,-0.13358402,-0.16953894,-0.0013318062,0.00019785762,0.0013318062,-0.00019788742,0.08761287,-0.0287292,0.08829838,-0.041460454,0.1683538,-0.07601398,0.15462756,-0.10166612,1
-0.2782585,-0.033610433,-0.2794726,-0.04907447,-0.29171675,-0.041789055,-0.25691938,-0.051978588,-0.28699893,-0.039122075,-0.20077407,-0.002181381,-0.20143235,-0.04450375,-0.1697501,0.087631166,-0.14096105,-0.09217301,-0.1544171,0.09413272,-0.11091715,-0.1290159,0.0025099516,-0.00065016747,-0.002509892,0.00065013766,0.050144374,-0.0047133267,0.04567969,-0.013897628,0.12707555,-0.03847012,0.10955316,-0.06082788,1
-0.29565167,-0.051311255,-0.2997722,-0.06448448,-0.31049585,-0.05473575,-0.28497198,-0.056022882,-0.30904734,-0.03968674,-0.23137897,-0.002193898,-0.20830643,-0.048726648,-0.19339138,0.09281224,-0.14402598,-0.111721545,-0.17933261,0.08517194,-0.1376645,-0.14192078,-0.0037928224,-0.0008262396,0.0037928224,0.0008262396,0.017070353,-0.016624957,0.024783254,-0.011979908,0.11186105,-0.05473599,0.09012586,-0.05825892,1
-0.26047236,-0.065300465,-0.2642696,-0.075327635,-0.2745695,-0.072522014,-0.26070338,-0.06132984,-0.2865947,-0.05927828,-0.222009,-0.0056859553,-0.20094573,-0.059250712,-0.18154591,0.085977376,-0.12904882,-0.119229704,-0.15819168,0.065131664,-0.11984694,-0.16490605,-0.0033465624,8.165836e-06,0.0033465028,-8.136034e-06,0.04501629,-0.029257745,0.047760606,-0.030472726,0.12398034,-0.060113043,0.10496628,-0.06424394,1
-0.2328783,-0.06339711,-0.23828238,-0.07281116,-0.25017184,-0.06511235,-0.24192184,-0.057952344,-0.27913117,-0.034547567,-0.19456178,-0.04996586,-0.24081811,0.020979643,-0.119875014,-0.098510146,-0.22010908,0.06959072,-0.08422011,-0.13067555,-0.21190703,0.08051136,0.01323688,-0.025009036,-0.01323688,0.025009036,0.10887563,-0.047434002,0.08030623,-0.017235726,0.1586808,-0.0626812,0.16478884,-0.05921665,1
-0.24238569,-0.029563725,-0.24808714,-0.037725687,-0.25941268,-0.03481081,-0.25096264,-0.018446952,-0.2869672,-0.0067536533,-0.2098611,0.016099632,-0.24380961,0.03571251,-0.17122358,0.020142794,-0.22716951,0.056115687,-0.13752377,-0.0405823,-0.2349317,0.042975843,0.008995593,-0.014181882,-0.008995593,0.014181852,0.10725212,-0.037347883,0.08415067,-0.03907177,0.16290605,-0.06906447,0.15557033,-0.09540787,1
-0.26416713,-0.08212802,-0.27295172,-0.09280303,-0.27919662,-0.08558881,-0.27414104,-0.07701388,-0.29318815,-0.057823747,-0.21320212,-0.025762111,-0.23117125,-0.018553466,-0.2146501,0.08832657,-0.22514227,0.05278313,-0.31068808,0.051046252,-0.3116152,0.03132248,0.0073947906,-0.009086311,-0.007394731,0.009086341,0.08293176,-0.07622245,0.07223922,-0.0828245,0.15544099,-0.10066724,0.14723253,-0.12689337,1
-0.31342444,-0.043246478,-0.31885704,-0.0578247,-0.32346606,-0.05196461,-0.30047107,-0.056114227,-0.30986428,-0.04497251,-0.23259512,0.004397899,-0.21173131,-0.043346226,-0.23842865,0.14738357,-0.19541323,-0.012351632,-0.33334053,0.09679836,-0.31206757,0.020797193,-0.0044618845,0.0040593445,0.0044618845,-0.0040593147,0.048896015,-0.03108567,0.06271565,-0.067031026,0.16558325,-0.08890867,0.14727348,-0.13696674,1
-0.28305042,-0.0463084,-0.28310755,-0.06665352,-0.29611892,-0.053840995,-0.25312227,-0.07355785,-0.27511615,-0.05018407,-0.21202677,-0.018963575,-0.16634214,-0.047115833,-0.2489124,0.10687792,-0.187908,-0.0046610236,-0.29072034,0.07034236,-0.27941993,0.060741484,-0.012858152,0.0012054443,0.012858212,-0.0012054741,-0.11053908,0.008966386,-0.060353577,0.017431736,-0.028638124,0.034310162,-0.011321306,0.036867023,1
-0.24689126,-0.042755544,-0.2512117,-0.053369135,-0.25255674,-0.05171302,-0.23672837,-0.051294297,-0.22862476,-0.048810124,-0.19017553,-0.0057835877,-0.15257943,-0.041971236,-0.20523295,0.11500752,-0.1605215,0.01832056,-0.26911658,0.087926984,-0.25861135,0.08502382,-0.01064682,0.004605025,0.01064688,-0.004605025,-0.017258286,-0.013094455,-0.009685993,-0.040890038,0.05438423,0.011680841,0.03508967,-0.030790746,1
-0.24255657,-0.02508822,-0.24721122,-0.029732823,-0.24348015,-0.036198884,-0.24040833,-0.045219064,-0.22303686,-0.066162676,-0.1963037,-0.01557219,-0.15171781,-0.09384608,-0.21913242,0.098318756,-0.16572219,-0.0775733,-0.27371413,0.074484766,-0.24846172,0.024729371,-0.016222835,0.014392972,0.016222835,-0.014392912,-0.114982784,-0.018431962,-0.04310721,-0.05736503,-0.08624804,0.00827235,-0.003657639,-0.02780822,1
-0.2064893,-0.067727655,-0.21302721,-0.082645774,-0.21771404,-0.07237589,-0.21070045,-0.08599603,-0.22279257,-0.06366888,-0.1685867,-0.03298852,-0.1617429,-0.03771788,-0.1954188,0.09027892,-0.1781587,0.030190825,-0.24007744,0.072990835,-0.22886735,0.05922836,-0.0018503666,-0.003256321,0.0018503666,0.0032563806,-0.06958121,-0.07292694,-0.032912135,-0.062468648,-0.018588066,-0.06258032,0.008012891,-0.063510835,1
-0.19726741,-0.024362177,-0.20113519,-0.03694716,-0.2007167,-0.03478685,-0.18900216,-0.058653295,-0.17986861,-0.05508694,-0.14979959,-0.030725926,-0.11035305,-0.066563934,-0.1638645,0.07990992,-0.10854688,-0.013147533,-0.19988099,0.081839204,-0.19300771,0.060712337,-0.012649596,0.006049931,0.012649596,-0.006049931,-0.044519544,-0.06944603,-0.01246047,-0.09434673,0.020597935,-0.023724318,0.03768295,-0.05440703,1
-0.18574816,-0.0071704388,-0.18990847,-0.017507046,-0.1872235,-0.016330868,-0.17681396,-0.03607264,-0.16392514,-0.03403917,-0.13704866,-0.011308849,-0.09981048,-0.051689,-0.14612168,0.09413046,-0.09943369,-0.0064411163,-0.17708951,0.102392554,-0.17778736,0.07048279,-0.012197018,0.0068904757,0.012197018,-0.0068905354,-0.016438365,-0.06877807,0.014098167,-0.09994316,0.045875728,-0.008362204,0.063200414,-0.04311791,1
-0.17920583,-0.01831153,-0.18327731,-0.023160636,-0.17983532,-0.03039071,-0.17890188,-0.030450344,-0.16304046,-0.047678858,-0.14026627,0.00819397,-0.110406965,-0.061127186,-0.14255625,0.12193924,-0.10646778,-0.025471032,-0.16292101,0.08269626,-0.17478943,0.03198874,-0.0100106,0.013055742,0.0100106,-0.013055742,-0.00982666,-0.05731225,0.005685687,-0.109648466,0.04546994,-0.015406668,0.046034336,-0.06990984,1
-0.18429166,-0.0051867366,-0.18683031,-0.0081169605,-0.18214756,-0.020063043,-0.17804411,-0.02146703,-0.16131455,-0.04794514,-0.13908449,0.012033284,-0.11008361,-0.06845063,-0.13316822,0.10390699,-0.097278,-0.06327316,-0.11302322,0.11979109,-0.14488703,-0.0008855462,-0.010299623,0.01592493,0.010299683,-0.01592493,0.014459193,-0.04762116,0.021234035,-0.11854604,0.05313176,-0.03308007,0.050180197,-0.11211786,1
-0.116078764,-0.08907047,-0.12011966,-0.095915794,-0.121002436,-0.09821269,-0.12794748,-0.090109974,-0.12693974,-0.09587085,-0.11133385,-0.039516866,-0.08396,-0.08427593,-0.09121853,0.05025053,-0.033039868,-0.06624907,-0.07194483,0.090821326,-0.03949964,-0.021250546,-0.008681357,0.0055837035,0.008681387,-0.0055837035,0.03873217,-0.12353581,0.058332503,-0.16258469,0.09617174,-0.042131245,0.11881882,-0.09020436,1
-0.13158727,-0.028817058,-0.13482335,-0.036831856,-0.13599706,-0.040113658,-0.13043079,-0.04247579,-0.12624985,-0.049894482,-0.11193627,0.002065003,-0.069548875,-0.06345862,-0.10640848,0.097403765,-0.030255795,-0.048462033,-0.083571374,0.1482479,-0.058371097,0.033366203,-0.012904108,0.011821151,0.012904078,-0.011821151,0.036191583,-0.07009417,0.055119157,-0.12815082,0.09217811,0.014706612,0.09753853,-0.05539471,1
-0.1211853,-0.07226053,-0.12456551,-0.0760217,-0.1216439,-0.08328998,-0.12841803,-0.06559563,-0.114346445,-0.08526105,-0.111216515,-0.006396711,-0.07347071,-0.082024544,-0.095987916,0.08611804,-0.02185303,-0.09686658,-0.0686675,0.107631326,-0.03034684,-0.059046686,-0.012911141,0.012404025,0.012911171,-0.012403965,0.03864175,-0.08170444,0.06059742,-0.14436677,0.09057522,-0.036693513,0.11325461,-0.10893667,1
-0.13071203,-0.058618963,-0.13621381,-0.06439513,-0.13076621,-0.07093644,-0.14016274,-0.06322402,-0.11592463,-0.07909435,-0.115573674,-0.0036426783,-0.06462699,-0.080488,-0.09560633,0.08521873,-0.0032186508,-0.08971703,-0.071879,0.12040973,-0.016771674,-0.070848465,-0.016919732,0.014770091,0.016919732,-0.014770031,0.039420843,-0.059383094,0.0635519,-0.13117662,0.10126895,-0.016830742,0.11711115,-0.10148242,1
-0.14238286,-0.05026239,-0.14449501,-0.060495436,-0.14391708,-0.061792314,-0.13921714,-0.06277841,-0.12510356,-0.0667457,-0.12077579,-0.00047409534,-0.066444635,-0.06315726,-0.12327814,0.08240622,-0.016920209,-0.07429871,-0.08674836,0.07516062,-0.032111585,-0.07063055,-0.017238319,0.009821475,0.01723829,-0.009821475,0.047857165,-0.049425066,0.06663591,-0.10100958,0.13157558,-0.0205428,0.12713027,-0.073492914,1
-0.14975229,-0.03787911,-0.1527287,-0.047538877,-0.15289539,-0.043197572,-0.14597833,-0.04810536,-0.13930285,-0.038596988,-0.12017444,-0.010868192,-0.0875012,-0.025285244,-0.09154898,0.02047342,-0.03341502,-0.027229667,-0.054341376,-0.021910012,-0.043259323,-0.039400935,-0.011086673,-0.0018559694,0.011086673,0.0018559694,0.056097806,-0.07303357,0.07096654,-0.08788723,0.13544202,-0.027607441,0.14225781,-0.03848511,1
-0.10925558,-0.05262345,-0.11480951,-0.0624595,-0.12523335,-0.04671991,-0.115050614,-0.04973173,-0.14392328,-0.0129655,-0.09482998,-0.017902493,-0.10720146,0.012619853,-0.07049894,-0.02131319,-0.059902012,-0.0041962266,-0.07132512,-0.02368915,-0.05408749,-0.01876241,0.0034022331,-0.013253689,-0.0034022331,0.013253689,0.045854628,-0.099231094,0.058054805,-0.06784463,0.11020237,-0.04055965,0.13303548,-0.011512637,1
-0.09845424,-0.07515687,-0.10855991,-0.08243647,-0.11300385,-0.068397164,-0.121679544,-0.06318408,-0.13383728,-0.029877186,-0.107631356,-0.020816863,-0.092693925,-0.001188159,-0.06915444,-0.016842425,-0.03617537,-0.029788494,-0.06947735,-0.042431355,-0.06297618,-0.05897075,-0.005463898,-0.011468232,0.005463928,0.011468232,0.04959184,-0.11710966,0.07100254,-0.084177345,0.12503576,-0.06498289,0.13745075,-0.02665776,1
-0.09084466,-0.08648026,-0.09851813,-0.09250331,-0.103444785,-0.08302122,-0.11121711,-0.07123697,-0.123955965,-0.048838913,-0.104944974,-0.02322638,-0.08429077,-0.016266406,-0.07118282,-0.018921435,-0.029124081,-0.046833098,-0.06499687,-0.07052529,-0.05819869,-0.08341038,-0.006753683,-0.00895077,0.006753683,0.00895077,0.05638975,-0.121617466,0.0760932,-0.09653628,0.12736136,-0.08457726,0.14107019,-0.04990083,1
-0.095613,-0.07461399,-0.10850081,-0.079789996,-0.10750535,-0.06657022,-0.12853703,-0.06097132,-0.12833643,-0.028977633,-0.110376835,-0.029723108,-0.09690565,-0.0025827885,-0.0652653,-0.03861022,-0.03715691,-0.026861906,-0.06376499,-0.09311271,-0.045391023,-0.0976339,-0.004565239,-0.01313895,0.004565239,0.01313895,0.06954467,-0.13152516,0.08702701,-0.1074968,0.15052557,-0.08927137,0.16462296,-0.0717904,1
-0.10194558,-0.04031843,-0.114657104,-0.04732454,-0.11322278,-0.03266877,-0.13244873,-0.03606099,-0.13078853,-0.0007662177,-0.11033261,-0.023404121,-0.09719601,0.016991258,-0.06384009,-0.038600504,-0.03297046,0.003689587,-0.072886676,-0.06845844,-0.051539183,-0.0608719,-0.0041256845,-0.0145877,0.0041257143,0.01458776,0.06857014,-0.11070961,0.08196932,-0.09130311,0.15195352,-0.04828167,0.16420478,-0.04259664,1
-0.12747455,-0.047145367,-0.13258448,-0.06128621,-0.14081085,-0.047543943,-0.12969345,-0.056355417,-0.15102088,-0.025140345,-0.096325666,-0.03691125,-0.09944239,-0.010119855,-0.03213966,-0.06956881,-0.02632004,-0.05788243,-0.048160046,-0.117239535,-0.057461828,-0.12470406,0.0012694597,-0.0103494525,-0.0012694895,0.010349512,0.06633544,-0.11708391,0.06726766,-0.10515672,0.14347672,-0.0918051,0.14998668,-0.08818352,1
-0.13752949,-0.051351845,-0.14458099,-0.059396327,-0.15009212,-0.047720075,-0.14625192,-0.05152446,-0.16016454,-0.02365905,-0.11304474,-0.02378732,-0.11573258,-0.00614959,-0.060723305,-0.051523805,-0.051945925,-0.059760094,-0.06626475,-0.12209082,-0.06744054,-0.13345534,-0.00012338161,-0.008938134,0.00012338161,0.008938193,0.04812488,-0.13873488,0.054148197,-0.12933767,0.12783444,-0.09600204,0.13898706,-0.09325707,1
-0.115101635,-0.06370646,-0.123514,-0.07134473,-0.12935024,-0.06068617,-0.13064998,-0.056550384,-0.15144515,-0.03026843,-0.10839817,-0.019682646,-0.1111356,0.0029870272,-0.05743715,-0.06539607,-0.039578646,-0.05557561,-0.056665868,-0.13013077,-0.05006349,-0.13816881,0.00051003695,-0.010404348,-0.00051003695,0.010404408,0.05567172,-0.11809808,0.061205566,-0.104865134,0.11932999,-0.12633783,0.13380665,-0.123897016,1
-0.113140374,-0.04206115,-0.12185663,-0.05090773,-0.12838978,-0.037660778,-0.12733498,-0.03883058,-0.14956191,-0.0069263577,-0.10723865,-0.0081064105,-0.105335295,0.022186399,-0.0723716,-0.045828164,-0.041049868,-0.024757445,-0.095719725,-0.1024729,-0.066449195,-0.107949615,-0.00029572845,-0.011935711,0.00029572845,0.011935711,0.055270642,-0.10455173,0.06485295,-0.08181715,0.1162937,-0.11409277,0.12809518,-0.09939474,1
-0.14922392,-0.021782517,-0.1558862,-0.03245151,-0.16389287,-0.013854802,-0.14657786,-0.028033435,-0.16581011,0.017064631,-0.10276511,-0.014546573,-0.10900268,0.030963838,-0.062636405,-0.057676554,-0.062761456,-0.013145208,-0.09108725,-0.101991475,-0.07733858,-0.100409806,0.0026149452,-0.01302743,-0.0026149452,0.013027489,0.04315874,-0.099945486,0.047546983,-0.07794452,0.096951514,-0.09953755,0.10506794,-0.09287757,1
-0.1444385,-0.014722168,-0.15586525,-0.022576153,-0.16052857,-0.0016634464,-0.15668151,-0.013213694,-0.1714412,0.03775263,-0.11200133,-0.004339814,-0.118438065,0.048787177,-0.060587227,-0.031092644,-0.07478821,0.021496356,-0.08168176,-0.08583528,-0.081243396,-0.07951367,0.0022993386,-0.015912414,-0.0022993684,0.015912414,0.038008004,-0.10587239,0.050269544,-0.06943512,0.08691287,-0.098077774,0.10021168,-0.07654029,1
-0.15776125,0.020458221,-0.17027268,0.011098802,-0.17393538,0.035471678,-0.17025971,0.015029848,-0.18214807,0.07375407,-0.12068033,0.010989845,-0.124206066,0.07824999,-0.067498505,-0.016529858,-0.08216706,0.058045566,-0.09020692,-0.051781178,-0.09052184,-0.04994273,0.0013800561,-0.018371344,-0.0013800263,0.018371284,0.025176078,-0.095000505,0.03855169,-0.054889858,0.08170557,-0.08468485,0.09244794,-0.066366196,1
-0.16000992,0.042869747,-0.17335245,0.02940929,-0.17719972,0.057684004,-0.17307597,0.024499059,-0.18549243,0.09214455,-0.12116134,0.014114261,-0.12481442,0.09633845,-0.063904524,-0.0064817667,-0.076690435,0.09167969,-0.093630284,-0.033798993,-0.08886096,-0.020731628,0.0010906458,-0.021568239,-0.0010906756,0.021568239,0.022797763,-0.0837276,0.03755033,-0.03531897,0.09224981,-0.07394147,0.09887481,-0.04965931,1
-0.1562837,0.03854406,-0.17315608,0.023129225,-0.17459258,0.054276645,-0.17941228,0.0143331885,-0.18669601,0.08989519,-0.12519345,0.00048589706,-0.12513655,0.10301852,-0.057120502,-0.041057765,-0.06890589,0.099654675,-0.09801513,-0.051367998,-0.08260673,-0.0037956834,-0.0010650754,-0.025337517,0.0010650754,0.025337577,0.021997541,-0.097162664,0.043138415,-0.042022347,0.090338886,-0.088362336,0.10129243,-0.06401831,1
-0.1479646,0.041986823,-0.16391519,0.03061223,-0.1650235,0.05592537,-0.17161092,0.026526153,-0.17750712,0.08974695,-0.121341765,0.010078728,-0.11709899,0.098988056,-0.05104068,-0.045625806,-0.051987708,0.08167827,-0.08777371,-0.06342566,-0.0755685,-0.022828162,-0.0023639798,-0.02133751,0.0023640096,0.02133751,0.033280373,-0.079301775,0.052073568,-0.04329753,0.08984834,-0.082069814,0.103120506,-0.07895088,1
-0.15676403,0.043103218,-0.17169845,0.03548926,-0.17260158,0.05866927,-0.17997184,0.036976933,-0.18573534,0.09568131,-0.12949145,0.014746368,-0.13001245,0.10970676,-0.065668315,-0.05669892,-0.07186937,0.0909065,-0.10787222,-0.069672644,-0.09532988,-0.012732863,-0.0009229183,-0.02256453,0.0009229481,0.02256453,0.027611107,-0.08503103,0.04205793,-0.046950817,0.07422042,-0.08331919,0.093883574,-0.07639146,1
-0.17151457,0.055297792,-0.17908311,0.055074036,-0.17786732,0.06815022,-0.17411956,0.06331873,-0.17503983,0.096511245,-0.12178427,0.03260094,-0.12524086,0.09514248,-0.06936312,-0.031580865,-0.07731956,0.06847721,-0.11746496,-0.07186055,-0.10916719,-0.04160154,0.0011354387,-0.01450938,-0.0011354387,0.01450938,0.023495257,-0.060043633,0.034562647,-0.041366756,0.06372914,-0.10850817,0.093756616,-0.11292869,1
-0.17960247,0.0557068,-0.19071493,0.05106342,-0.19106117,0.06903535,-0.1929659,0.052529752,-0.19549784,0.0985077,-0.13843739,0.018584609,-0.14018649,0.10969728,-0.081371486,-0.053286374,-0.088680536,0.103096426,-0.13407147,-0.07665855,-0.123915344,-0.0043842793,0.00021475554,-0.020672679,-0.00021472573,0.020672739,0.01840368,-0.070943356,0.02376479,-0.040094614,0.056636572,-0.10477996,0.076471746,-0.1030252,1
-0.16640481,0.06425172,-0.17919767,0.06346685,-0.17709094,0.078638434,-0.18774942,0.06929213,-0.18474197,0.10945827,-0.14078662,0.031396627,-0.13416803,0.113657415,-0.08510646,-0.039718986,-0.086803705,0.10955012,-0.12903216,-0.073836386,-0.114839345,0.022810996,-0.002521664,-0.019809484,0.002521664,0.019809425,0.024376601,-0.07311052,0.03902349,-0.0427714,0.055730015,-0.10443896,0.08177629,-0.102157116,1
-0.14987832,0.09157306,-0.16192946,0.089919746,-0.15794668,0.10573393,-0.16540068,0.08864868,-0.16057473,0.13011098,-0.116473824,0.042571902,-0.11675024,0.1279375,-0.06379354,-0.028812826,-0.061707616,0.13383448,-0.104803145,-0.04907292,-0.07468331,0.06174177,-0.0006130636,-0.019323409,0.0006130338,0.019323468,0.02929312,-0.05153507,0.04466355,-0.027706504,0.063925266,-0.073070586,0.091009974,-0.081914425,1
0.119336486,0.118014276,0.11780617,0.12113482,0.12288153,0.117607,0.10189468,0.11599481,0.112559766,0.10816264,0.05675161,0.08569437,0.077014,0.049556196,-0.009864956,0.03701651,0.055135787,-0.05217296,-0.050061315,-0.009811103,0.07517874,-0.07643455,-0.005280137,0.005479455,0.005280137,-0.005479455,0.063718855,-0.0020630956,0.08246246,-0.02824521,0.10168782,-0.058916032,0.11085573,-0.09125751,1
0.10331488,0.07551652,0.104944885,0.082156,0.10928929,0.07228494,0.09288195,0.089808226,0.10522327,0.06653303,0.04944691,0.09449452,0.078213096,0.015743673,-0.026882648,0.12105572,0.08553919,-0.08330202,-0.046256542,0.100616276,0.15389013,-0.13178709,-0.007144779,0.013770759,0.007144809,-0.013770759,0.055202365,-0.023678422,0.076921105,-0.067595005,0.08760375,-0.08755386,0.10304928,-0.13409126,1
0.11616516,0.089675486,0.11766702,0.09442073,0.122763336,0.08360183,0.10598859,0.09773952,0.12155834,0.071123004,0.054310232,0.09144604,0.09339023,0.02206707,-0.012230337,0.09849715,0.0580225,-0.06974751,-0.049126804,0.044201612,0.009675205,-0.09612715,-0.012137204,0.013365686,0.012137234,-0.013365686,0.0393413,-0.017507792,0.059220612,-0.06001395,0.067867815,-0.07989985,0.07336131,-0.120214224,1
0.101417154,0.13153529,0.101705074,0.13447934,0.10469341,0.12877727,0.08895597,0.1278941,0.094700426,0.115748644,0.043366313,0.097969055,0.061283678,0.060194135,-0.027225703,0.053427815,0.0038684309,-0.03059274,-0.0668771,0.005617857,-0.049909413,-0.033635676,-0.0060273707,0.0063567758,0.006027341,-0.0063567758,0.06592816,0.014724314,0.08048725,-0.01971978,0.10920599,-0.07248235,0.11306581,-0.11284533,1
0.104005516,0.111852705,0.10448301,0.11503607,0.107069194,0.10986143,0.09298724,0.109802306,0.09801462,0.097047746,0.047836423,0.08876473,0.07425767,0.038614213,-0.018909186,0.07241422,0.07907158,-0.06942648,-0.05932519,0.063405216,0.120209396,-0.106886685,-0.005906403,0.00766927,0.005906403,-0.0076693296,0.06078428,-0.0012876987,0.07546684,-0.026932776,0.096886694,-0.098287046,0.10046804,-0.12935787,1
0.123169154,0.09818524,0.12328726,0.10020614,0.12665683,0.09856439,0.11320782,0.0916388,0.117435336,0.08671445,0.069884926,0.05224502,0.079580545,0.03378564,0.0051175356,-0.023645341,0.08443552,-0.08327973,-0.0649603,-0.05279553,0.13474709,-0.12812832,0.0004837811,0.001285553,-0.0004837811,-0.001285553,0.07214713,-0.0063652396,0.07268363,-0.019047081,0.120384514,-0.10063678,0.11386004,-0.12621409,1
0.08617234,0.11892986,0.086883575,0.12142259,0.090007484,0.11674142,0.080919534,0.116999686,0.08724809,0.10680699,0.042216867,0.1027351,0.06026712,0.051818907,-0.032932103,0.104432225,-0.01706621,-0.027721643,-0.06699571,0.086462915,-0.07613942,-0.037946105,-0.0071119666,0.009152591,0.0071119666,-0.009152591,0.04761982,0.0040074587,0.074867666,-0.02785486,0.07226327,-0.07483417,0.093830585,-0.10810277,1
0.07255572,0.1281941,0.07311863,0.13072646,0.07600248,0.12291032,0.06820667,0.12668818,0.07669872,0.10878754,0.032305032,0.13247496,0.062314004,0.046540737,-0.04412347,0.18476439,-0.016044885,-0.026901305,-0.0700019,0.16595072,-0.08657199,-0.027697861,-0.012401938,0.017257929,0.012401938,-0.01725787,0.027834386,0.022524714,0.074949205,-0.029439926,0.04688567,-0.07186586,0.08643633,-0.12322357,1
0.052082628,0.1285196,0.053430915,0.1308977,0.057775617,0.1192708,0.05624473,0.12809807,0.0659039,0.10105395,0.021937609,0.13936847,0.05879295,0.042660117,-0.06851825,0.18144423,-0.028764486,-0.038626254,-0.10647097,0.129049,-0.10530162,-0.040031135,-0.015586138,0.021189153,0.015586168,-0.021189153,-0.015254885,0.025430083,0.049862415,-0.029395878,-0.033572882,-0.062099516,0.03364873,-0.10558459,1
0.057320625,0.12684721,0.05765292,0.13254261,0.06298044,0.12179464,0.056791365,0.13373858,0.07138282,0.10880715,0.024436742,0.14279127,0.070478946,0.04291451,-0.055737197,0.20249075,0.037557393,-0.043893576,-0.08324665,0.15166968,0.039337933,-0.088020146,-0.016423404,0.020020127,0.016423434,-0.020020127,0.0013821423,0.034670293,0.06708729,-0.013210118,-0.008402079,-0.056720376,0.054906398,-0.09729725,1
0.09272492,0.073865116,0.09388238,0.0739516,0.09273213,0.07209706,0.091519624,0.07343733,0.0877046,0.07090896,0.055178225,0.059904695,0.061799735,0.026010275,-0.04249099,0.03953612,0.0028188825,-0.037154257,-0.09940559,-0.025831342,0.01427263,-0.07657415,-0.0005822778,0.0060730577,0.000582248,-0.0060731173,0.03952104,0.02177459,0.057711095,0.0031086802,0.03711897,-0.039027452,0.05055949,-0.063519,1
0.14473706,-0.015293956,0.14749473,-0.014654934,0.14466077,-0.019114852,0.13824874,0.0012658834,0.13297576,-0.006355524,0.09091097,0.0144126415,0.098080754,-0.008044481,0.012098491,-0.011947513,0.048909843,-0.051204383,-0.04310122,-0.07371175,0.07472718,-0.10676652,9.7334385e-05,0.005687833,-9.730458e-05,-0.005687833,0.016104728,0.0054653287,0.025328755,-0.0029711127,-0.023795545,-0.051862836,-0.012862653,-0.061811626,1
0.08605555,0.08906466,0.0853121,0.08915585,0.08601433,0.08838445,0.079678,0.091766715,0.08189601,0.09380311,0.045314252,0.078250766,0.06468874,0.053366065,-0.041541398,0.05297309,0.004565537,-0.010322869,-0.07391471,-0.022303522,-0.009785682,-0.07465553,-0.005017489,0.00519526,0.0050174594,-0.00519526,0.029523343,-0.018416345,0.047935516,-0.035576105,0.016785085,-0.07487184,0.024396956,-0.09760302,1
0.076710194,0.10948503,0.07661092,0.11687374,0.07905781,0.10965425,0.06604731,0.12519997,0.07021257,0.11072761,0.029614627,0.09602237,0.049008697,0.057423234,-0.04368028,0.05754894,0.013236076,-0.02179116,-0.09348479,0.015720427,0.044483066,-0.08482754,-0.006103009,0.007126212,0.006103009,-0.0071261525,0.026784062,-0.037688494,0.06551683,-0.05796492,0.009978503,-0.055217505,0.067359,-0.07813823,1
0.07949737,0.11671811,0.080298424,0.12092292,0.08171296,0.117916584,0.07012132,0.12328118,0.070144504,0.115888834,0.031350464,0.07984394,0.038414598,0.061208963,-0.045473635,0.008235991,0.022061288,-0.028766394,-0.09810853,-0.023463786,0.07556632,-0.07507837,-0.0005598068,0.0010825992,0.0005598068,-0.0010826588,0.0492824,-0.043215096,0.06299794,-0.05439669,0.08431095,-0.04632306,0.110619545,-0.065193474,1
-0.06447899,0.11433625,-0.06260216,0.11783743,-0.06623796,0.12057698,-0.05433187,0.13343328,-0.07044554,0.14221293,-0.050745964,0.09948611,-0.051727176,0.10953885,-0.070376486,0.004151523,-0.061995536,0.031847596,-0.08505452,-0.05801308,-0.079717964,0.002615869,0.0012375414,-0.0042832494,-0.0012375712,0.0042832494,0.037611216,-0.07355636,0.0604479,-0.072027326,0.06489575,-0.11757141,0.0978781,-0.13066107,1
0.0056881607,0.09268856,0.0050188303,0.0951525,0.0036078691,0.09810233,0.0048483014,0.10972965,-0.00042751431,0.11901826,-0.0105805695,0.08982277,0.0005380213,0.08559477,-0.06554836,0.015617967,-0.03169337,0.002729237,-0.08929932,-0.049922764,-0.054584354,-0.03247404,-0.0033200085,-0.0009840131,0.0033200383,0.0009840131,0.03953123,-0.065457344,0.06283641,-0.07560837,0.07143378,-0.10120833,0.09395033,-0.12243307,1
0.056199968,0.0670234,0.056146562,0.07014501,0.05577308,0.072121084,0.05139941,0.08935547,0.049060762,0.0976342,0.020993114,0.06857383,0.02890709,0.08254945,-0.05247596,-0.014048994,-0.032374024,0.021704733,-0.09096557,-0.072126865,-0.053744435,-0.034134984,-0.0020371675,-0.0049001575,0.0020371675,0.0049001575,0.044972718,-0.070913315,0.05745852,-0.063115954,0.049388945,-0.12912059,0.06949642,-0.12791806,1
-0.10246608,0.096387506,-0.099787384,0.096877456,-0.10509345,0.10177666,-0.084261894,0.10729891,-0.10522747,0.11911899,-0.06543991,0.07523024,-0.07651323,0.087392986,-0.07695222,-0.040385127,-0.06272367,-0.019351661,-0.10262191,-0.089156926,-0.09239444,-0.061950803,0.005871862,-0.004124701,-0.005871892,0.0041247606,0.044056356,-0.08006793,0.04432738,-0.08552617,0.09908533,-0.11715573,0.101395905,-0.14204061,1
0.046538234,0.033469915,0.04211992,0.034974933,0.04764545,0.036601305,0.0321213,0.041060925,0.043209672,0.04635471,0.014188647,0.026285231,0.016537845,0.022734344,-0.061518013,-0.05119115,-0.04415956,-0.06686813,-0.12574574,-0.07591307,-0.095493585,-0.089123726,-0.0010770559,0.0006160736,0.0010770559,-0.0006160736,0.042798728,-0.039562106,0.049165577,-0.072505236,0.08991858,-0.09359586,0.09377298,-0.15807724,1
-0.035735995,0.005650282,-0.038082927,0.0040788054,-0.039623797,0.007821023,-0.040593266,0.0090280175,-0.048253268,0.018915594,-0.035289347,0.0035012364,-0.048339367,0.0034050941,-0.07981205,-0.0627051,-0.08129829,-0.074394226,-0.12295425,-0.092182636,-0.13358456,-0.086330056,0.004729688,-0.0012715459,-0.004729688,0.0012715459,0.032453388,-0.07887328,0.03522125,-0.09782785,0.07964867,-0.10861069,0.08282113,-0.15080756,1
0.0629932,0.04654056,0.059799016,0.048345387,0.06540364,0.04783374,0.046815068,0.049919248,0.05817461,0.05038935,0.012378275,0.022057772,0.030154377,0.026794374,-0.06095001,-0.056237638,-0.015659273,-0.054284155,-0.12835312,-0.073133886,-0.060198545,-0.10197151,-0.0052878857,-0.0028572083,0.0052878857,0.0028571486,0.056527525,-0.07773566,0.06838551,-0.09050709,0.10029161,-0.10097492,0.112611294,-0.13271636,1
-0.15626007,0.094527125,-0.15458244,0.09149045,-0.16354388,0.099796355,-0.13399604,0.09694219,-0.16356355,0.11745572,-0.09841105,0.06603724,-0.11083293,0.08713621,-0.089182645,-0.04963988,-0.079874516,-0.01931876,-0.11204904,-0.085888624,-0.12033665,-0.048621595,0.006714314,-0.0060537457,-0.0067142844,0.006053686,0.04124838,-0.084703565,0.040729642,-0.08509123,0.09101462,-0.1305567,0.087378085,-0.15296996,1
-0.15330279,0.08588797,-0.1519284,0.08406913,-0.1590797,0.09210688,-0.13150752,0.0922181,-0.1551193,0.11119896,-0.09786171,0.062108696,-0.10163939,0.08164644,-0.087556005,-0.04822755,-0.06501153,-0.023156464,-0.112890154,-0.082243204,-0.10035616,-0.06079948,0.0039533377,-0.0059066415,-0.0039533377,0.005906582,0.037044317,-0.087089896,0.038221538,-0.08432448,0.089485526,-0.122344136,0.089045286,-0.13613403,1
-0.11410716,0.08120513,-0.111557364,0.08053404,-0.117037,0.08760595,-0.093358696,0.091906786,-0.11277968,0.107868195,-0.07628831,0.06168312,-0.06862357,0.07911593,-0.08844638,-0.053608,-0.029879808,-0.031141996,-0.11878803,-0.09067875,-0.032146275,-0.090155125,0.0012559593,-0.0056968927,-0.0012559891,0.0056969523,0.035272658,-0.090869844,0.044618905,-0.08280611,0.0805437,-0.13025117,0.08811355,-0.14107639,1
-0.031652153,0.13022852,-0.03228599,0.13277721,-0.03481871,0.13687462,-0.030143261,0.13915044,-0.04123971,0.1509288,-0.037981838,0.09294033,-0.025785148,0.105469584,-0.07768124,-0.012623727,-0.030389547,0.00991565,-0.11415687,-0.06443107,-0.05384624,-0.020486772,-0.0012248456,-0.0052901506,0.0012248158,0.0052901506,0.05062422,-0.0798254,0.05494094,-0.069322646,0.08158487,-0.1346227,0.07342148,-0.13106531,1
0.002231568,0.091014266,0.0017023385,0.09385306,0.0010249317,0.095908165,0.0012354553,0.10413629,-0.0032161474,0.10960615,-0.016534537,0.07592332,0.004434854,0.06710118,-0.07057148,-0.020484388,-0.002784431,-0.05256188,-0.11079237,-0.06980282,-0.0067536533,-0.09944236,-0.0042640567,-0.00032883883,0.0042640865,0.00032883883,0.036974967,-0.086530805,0.05055979,-0.08885658,0.067863286,-0.13209236,0.07078168,-0.14384955,1
-0.04149294,0.082466364,-0.041380644,0.084940016,-0.04178527,0.08776897,-0.03971854,0.096395135,-0.045012385,0.10517663,-0.044195533,0.064165294,-0.02871859,0.08333629,-0.06993246,-0.029206336,-0.03011915,0.029299617,-0.09342578,-0.07158375,-0.051326394,0.05365944,-0.0028778315,-0.005532205,0.0028778017,0.005532205,0.033569455,-0.092102945,0.048989087,-0.085177004,0.05968684,-0.11818653,0.071664095,-0.12436926,1
0.04701644,0.06205213,0.047602743,0.06471515,0.046977192,0.065485656,0.044689357,0.075821996,0.04162413,0.07825059,0.0149226785,0.05301428,0.030335993,0.047171712,-0.061191797,-0.028000355,-0.006151676,-0.037671566,-0.11293277,-0.07200551,-0.013505459,-0.053230047,-0.0030563474,-0.0004235506,0.0030563772,0.000423491,0.028987348,-0.09332389,0.041524738,-0.09329116,0.04459983,-0.127186,0.055426538,-0.13253683,1
-0.17696032,0.076671004,-0.1841572,0.073717,-0.18546191,0.089755476,-0.17567807,0.07998723,-0.18315074,0.12148541,-0.1314663,0.040533602,-0.12677586,0.13539231,-0.09412876,-0.05304408,-0.076648444,0.14954692,-0.1257757,-0.076399505,-0.09940514,0.12874806,0.00030693412,-0.022237718,-0.00030690432,0.022237718,0.032603145,-0.11641246,0.026102066,-0.07682282,0.06814402,-0.18567798,0.07140976,-0.16617393,1
-0.17027542,0.110482335,-0.17319933,0.10787892,-0.17862874,0.11911607,-0.1591321,0.110435545,-0.17725602,0.1386851,-0.118499905,0.080078244,-0.12398511,0.12058431,-0.093940675,0.0054419637,-0.08545536,0.07031405,-0.12106004,-0.024168015,-0.11521992,0.071490884,0.002662003,-0.011915386,-0.0026620328,0.011915386,0.031959683,-0.07544595,0.031907737,-0.05414617,0.08539426,-0.15992993,0.0832032,-0.1472936,1
-0.019194663,-0.20507473,-0.011433721,-0.2137371,-0.02656722,-0.21261396,0.0013036132,-0.20567963,-0.035755694,-0.20306468,0.022825658,-0.1477766,-0.046963453,-0.13712147,0.049201906,-0.07935962,-0.05220598,-0.07360268,0.05437988,-0.013209492,-0.027220786,-0.073492974,0.022256553,-0.003232956,-0.022256553,0.003232956,0.02876383,0.10393262,-0.014735043,0.11021018,0.029741824,0.20050877,-0.00046294928,0.1995756,0
-0.025199473,-0.20238104,-0.01709342,-0.21176602,-0.031769037,-0.20986214,-0.0018008947,-0.20533279,-0.037169814,-0.20108715,0.022292376,-0.14833504,-0.046943843,-0.13576752,0.05022812,-0.080539346,-0.054917455,-0.07086593,0.058223665,-0.022562742,-0.029802322,-0.0776028,0.022043347,-0.0036149323,-0.022043288,0.0036149323,0.028117776,0.10336238,-0.014621377,0.110242784,0.03419161,0.20030785,0.0035409331,0.19962198,0
-0.025708199,-0.20043567,-0.018079579,-0.20978494,-0.032341182,-0.20758726,-0.003930807,-0.20333326,-0.038389146,-0.19827124,0.020865142,-0.14756912,-0.0479995,-0.13302961,0.052072883,-0.081279874,-0.05653,-0.06806642,0.06143403,-0.022037715,-0.03542894,-0.076504916,0.021814466,-0.0039312243,-0.021814466,0.0039312243,0.02598691,0.105208784,-0.014942169,0.11209765,0.034360766,0.20479152,0.005296588,0.20240876,0
-0.026500821,-0.1959804,-0.019083321,-0.20550601,-0.03331864,-0.20305336,-0.005047381,-0.20013884,-0.03959632,-0.19454062,0.019504786,-0.14554557,-0.04814124,-0.13195297,0.051606,-0.080138326,-0.0577814,-0.06912175,0.062523484,-0.0249331,-0.038028836,-0.076108396,0.021320522,-0.0038205683,-0.021320522,0.0038205981,0.024460375,0.104801,-0.012944281,0.11163604,0.033661306,0.20341575,0.008291185,0.20111263,0
-0.026981592,-0.1968973,-0.020454168,-0.20646106,-0.034230232,-0.20331162,-0.0076996684,-0.20049426,-0.041385412,-0.1931448,0.018688858,-0.14546898,-0.04968375,-0.13126713,0.053159237,-0.08121884,-0.05911541,-0.07267484,0.063685775,-0.02118525,-0.038378716,-0.07887232,0.021417141,-0.0039230287,-0.021417141,0.0039230287,0.023076892,0.10544035,-0.0122151375,0.111882836,0.032904148,0.20372501,0.009253919,0.19844422,0
-0.030546308,-0.19345751,-0.02366072,-0.20359278,-0.03750211,-0.20029077,-0.0091995,-0.19999626,-0.04263711,-0.19220528,0.018040776,-0.1464391,-0.04857105,-0.13167742,0.05148375,-0.08517155,-0.05966735,-0.07425773,0.058934808,-0.032749087,-0.04448539,-0.08124873,0.02077943,-0.0037922561,-0.02077943,0.0037922561,0.02332896,0.10593271,-0.009737909,0.112089336,0.03146231,0.20387739,0.010489583,0.20055997,0
-0.02736044,-0.19380125,-0.021056592,-0.20441726,-0.035007954,-0.20034131,-0.008009911,-0.2012876,-0.04213798,-0.1913929,0.019125402,-0.14876896,-0.04824215,-0.1300638,0.052755177,-0.08944669,-0.056608915,-0.07243481,0.05708927,-0.033284426,-0.042988837,-0.08321023,0.021090686,-0.0044960678,-0.021090746,0.0044960678,0.024304211,0.10474473,-0.00803113,0.11128771,0.034193993,0.2049827,0.014326334,0.19919401,0
-0.026645184,-0.19363481,-0.0203408,-0.20398083,-0.034230232,-0.2006,-0.008169949,-0.20068789,-0.042357624,-0.19241133,0.017677128,-0.14810336,-0.04912865,-0.13044715,0.052120388,-0.08870652,-0.05712247,-0.07126689,0.06258941,-0.03142482,-0.043739796,-0.08228883,0.020718098,-0.0043014586,-0.020718098,0.004301429,0.023342073,0.10667962,-0.0072429776,0.111234725,0.031182528,0.20710677,0.015512705,0.19849539,0
-0.028387785,-0.19231299,-0.021683931,-0.20267022,-0.03594929,-0.19942299,-0.008076668,-0.19970456,-0.043158412,-0.19163167,0.018985748,-0.14850432,-0.049289286,-0.13026237,0.051799893,-0.09025097,-0.055616617,-0.072722346,0.056752264,-0.029145837,-0.03687662,-0.08715555,0.021276653,-0.0043560266,-0.021276653,0.0043560565,0.024234056,0.10509479,-0.006590426,0.11033136,0.027063847,0.20640945,0.014380217,0.19820482,0
-0.030606091,-0.19043636,-0.024066925,-0.2007632,-0.038022757,-0.1980389,-0.010600388,-0.19844529,-0.04504901,-0.19160816,0.016001582,-0.14811939,-0.05244136,-0.13057566,0.04873687,-0.08847216,-0.060661435,-0.065671444,0.05986631,-0.03200826,-0.042328477,-0.08120814,0.02111739,-0.004166037,-0.021117449,0.004166037,0.021278381,0.10531476,-0.009506464,0.10911909,0.019800067,0.20768335,0.010980129,0.19971195,0
-0.03291011,-0.18804449,-0.02581489,-0.19860402,-0.039846182,-0.19551653,-0.009964168,-0.19708532,-0.044218242,-0.18922633,0.0170722,-0.14647704,-0.048036516,-0.12919435,0.0476619,-0.08144501,-0.056655645,-0.065104336,0.060209095,-0.020642072,-0.038894594,-0.083630085,0.0200786,-0.004024446,-0.020078659,0.004024476,0.02009952,0.10546774,-0.004713416,0.10826653,0.02001518,0.21199483,0.016002536,0.20025533,0
-0.030587256,-0.18550569,-0.023973167,-0.19603106,-0.038434327,-0.19219804,-0.008339226,-0.19590694,-0.04354024,-0.18558922,0.018408358,-0.14545491,-0.04759586,-0.12762052,0.04477352,-0.07662746,-0.05614102,-0.062931836,0.05436057,-0.019348204,-0.03119272,-0.08410719,0.02014631,-0.0041935146,-0.02014631,0.004193485,0.01893562,0.10582441,-0.0050966144,0.11128825,0.014921308,0.21359247,0.00992316,0.20610702,0
-0.03172958,-0.18884903,-0.024908781,-0.19908959,-0.039589107,-0.1955522,-0.008956075,-0.19777706,-0.044898152,-0.18800268,0.017831147,-0.14673379,-0.048802078,-0.12844092,0.045603752,-0.08141169,-0.05794108,-0.064750046,0.05645752,-0.01969567,-0.032992482,-0.08022186,0.020041585,-0.004216403,-0.020041585,0.004216373,0.01572907,0.105213344,-0.004871428,0.11045176,0.010925889,0.21589965,0.011751056,0.20672053,0
-0.033290148,-0.18728298,-0.026964009,-0.19776535,-0.041091025,-0.19382536,-0.011443198,-0.1984249,-0.046004713,-0.18761984,0.016955197,-0.14912865,-0.049675703,-0.12868407,0.045900166,-0.082696885,-0.060088515,-0.060917497,0.05765313,-0.015196174,-0.03693062,-0.07156891,0.019779265,-0.004530579,-0.019779265,0.0045306087,0.013457835,0.10334617,-0.0051367283,0.10960293,0.005558431,0.21423721,0.0095876455,0.20660132,0
-0.03448069,-0.18749687,-0.028123438,-0.19800454,-0.042037964,-0.19409028,-0.01161617,-0.19827038,-0.04584205,-0.1874896,0.017421126,-0.14718944,-0.047720313,-0.1285426,0.047163963,-0.07965663,-0.058502734,-0.05964628,0.056203544,-0.015483439,-0.038739562,-0.060341954,0.019251883,-0.0038584769,-0.019251943,0.003858447,0.012832344,0.1056304,-0.004238665,0.11046404,0.005139351,0.21556538,0.008561492,0.20766264,0
-0.032818735,-0.18692851,-0.026484191,-0.19732451,-0.040327966,-0.19353878,-0.010325134,-0.19845706,-0.044365823,-0.18804437,0.019165516,-0.1486924,-0.047564328,-0.12988734,0.048823535,-0.0826377,-0.058392584,-0.060790658,0.05632794,-0.015105724,-0.03691137,-0.05757004,0.019483268,-0.0036957562,-0.019483268,0.0036957562,0.010273755,0.10441455,-0.004830599,0.10781905,0.00020241737,0.21391007,0.009544313,0.20396432,0
-0.035514593,-0.18935159,-0.028934836,-0.19977221,-0.042105436,-0.19652653,-0.01106298,-0.201787,-0.044028938,-0.19254795,0.01956904,-0.15137696,-0.047434807,-0.13377383,0.048214912,-0.08326203,-0.061142445,-0.062456608,0.05647677,-0.014257312,-0.042012155,-0.05484578,0.019444227,-0.003335029,-0.019444227,0.003334999,0.010864198,0.102241874,-0.0053277016,0.10491872,-0.0006276965,0.20979273,0.0069797635,0.19978786,0
-0.0344429,-0.19157684,-0.028015256,-0.20230812,-0.041336477,-0.19858152,-0.010467827,-0.20474568,-0.043569207,-0.19439605,0.020614326,-0.15417004,-0.046943903,-0.13503116,0.04912889,-0.08597845,-0.058686614,-0.06222397,0.054410875,-0.016868293,-0.041093588,-0.054033518,0.019421637,-0.0035182238,-0.019421637,0.0035182238,0.010641515,0.10352978,-0.0022417307,0.10545573,-0.00065261126,0.21229944,0.013340592,0.20111164,0
-0.032190025,-0.19256213,-0.025296032,-0.20300218,-0.03973013,-0.19982675,-0.008618236,-0.20430413,-0.044262826,-0.19515759,0.020408988,-0.15344962,-0.047408164,-0.13408816,0.048807323,-0.08704159,-0.055582106,-0.062069118,0.050900996,-0.016486406,-0.0400818,-0.051772118,0.0196774,-0.0036416352,-0.0196774,0.0036416054,0.012803197,0.103349745,-0.00229913,0.1063019,0.00084388256,0.20975763,0.013415456,0.20098656,0
-0.030664086,-0.19162068,-0.023552716,-0.20161536,-0.037729204,-0.1991114,-0.0072312355,-0.20269048,-0.042375684,-0.19547588,0.020655453,-0.15134236,-0.04639131,-0.13584629,0.049304724,-0.08458996,-0.054504693,-0.06749925,0.050067425,-0.014102876,-0.038055956,-0.047683418,0.01913011,-0.0030365288,-0.01913011,0.0030365288,0.009780228,0.103697926,-0.0007597208,0.10569206,0.00021278858,0.20558658,0.017950177,0.19583431,0
-0.0319494,-0.1927846,-0.025166154,-0.20352343,-0.039402366,-0.20022291,-0.008173645,-0.20600942,-0.043622613,-0.19648442,0.020529151,-0.15470377,-0.044792473,-0.13685873,0.049669147,-0.08621475,-0.051302314,-0.06669158,0.05220449,-0.013302475,-0.03713262,-0.04821688,0.018814027,-0.0033699572,-0.018813968,0.003369987,0.010048628,0.10591793,-0.00087594986,0.10893637,0.0013366938,0.21339202,0.014081597,0.20321465,0
-0.033282757,-0.19082308,-0.02622354,-0.20149249,-0.04018712,-0.1987763,-0.008959353,-0.20328319,-0.04382342,-0.19495761,0.019606888,-0.15167275,-0.04578346,-0.13608155,0.05043,-0.083238006,-0.05260092,-0.06852925,0.05441463,-0.011273831,-0.04339528,-0.04868239,0.0190472,-0.0026150644,-0.019047141,0.0026150644,0.007773638,0.106746495,-0.0040081143,0.1080662,0.002009511,0.21275038,0.013741016,0.20275295,0
-0.03273195,-0.19040954,-0.025642872,-0.2009905,-0.038874626,-0.19849676,-0.0075110793,-0.20508805,-0.040486574,-0.19767681,0.021304846,-0.15495956,-0.04115534,-0.14225283,0.053916514,-0.08565745,-0.045564592,-0.07810202,0.055429697,-0.0096153915,-0.043319464,-0.049702078,0.018071115,-0.001783222,-0.018071175,0.001783222,0.007443249,0.10849163,-0.0046764016,0.10802266,0.006999254,0.21056536,0.015755117,0.19955304,0
-0.030654192,-0.19221038,-0.024039865,-0.20379594,-0.0370571,-0.19933385,-0.0043258667,-0.2075172,-0.036947012,-0.19602513,0.023373604,-0.15558168,-0.03508079,-0.14188775,0.05348909,-0.08439633,-0.04038894,-0.076396495,0.052362144,-0.014154404,-0.042421043,-0.046215355,0.017170608,-0.00201419,-0.017170608,0.00201419,0.010035336,0.10737935,-0.0055561066,0.10974637,0.017802894,0.2085531,0.01659131,0.20227602,0
-0.030388355,-0.19024214,-0.023245037,-0.20112526,-0.0372113,-0.19854465,-0.005559206,-0.20348921,-0.040071666,-0.19668019,0.019313574,-0.15275607,-0.03821504,-0.14364785,0.05055368,-0.083661675,-0.038610518,-0.077279925,0.051695704,-0.010917425,-0.04423958,-0.039681077,0.017479062,-0.0009266436,-0.017479122,0.0009266436,0.008995414,0.11273399,-0.014025807,0.10972163,0.016363382,0.21406189,0.0072807074,0.20292577,0
-0.030512929,-0.19254449,-0.023555696,-0.20325103,-0.036655366,-0.20068613,-0.005330682,-0.20467016,-0.037665308,-0.19797036,0.020537794,-0.15346968,-0.036091268,-0.1445036,0.050122917,-0.08413705,-0.036120534,-0.07628256,0.051638782,-0.013359576,-0.044946134,-0.038801312,0.017456055,-0.00048822165,-0.017456055,0.00048825145,0.009321034,0.114160836,-0.016754925,0.10698086,0.019500375,0.21407479,0.005335152,0.1966514,0
-0.029355407,-0.19561198,-0.021683514,-0.20645654,-0.035650015,-0.20452386,-0.0032621026,-0.20802486,-0.03762901,-0.20280793,0.02137649,-0.15680784,-0.037024975,-0.14812967,0.04894334,-0.08711031,-0.035667896,-0.07672122,0.055013478,-0.016221613,-0.0447917,-0.03789875,0.018214703,-0.0002721548,-0.018214762,0.0002721548,0.008991599,0.11557037,-0.0202322,0.10419917,0.023081303,0.21256143,0.0063898563,0.18783867,0
-0.029843628,-0.19803882,-0.021871984,-0.20856196,-0.03546393,-0.20679608,-0.0032190084,-0.21116585,-0.03558451,-0.20682615,0.02247411,-0.15954119,-0.033467114,-0.15060636,0.047066092,-0.090017796,-0.029883027,-0.08050823,0.047206283,-0.022206366,-0.04152578,-0.040922433,0.017655253,-0.0001540482,-0.017655194,0.0001540482,0.011280119,0.115943104,-0.018525004,0.10321167,0.02975738,0.20679441,0.0085962415,0.1802111,0
-0.029798448,-0.19823176,-0.022345543,-0.2105254,-0.036139846,-0.20749804,-0.0028044581,-0.21467835,-0.03652197,-0.20693117,0.021582186,-0.16257817,-0.033186197,-0.15273312,0.047148645,-0.08809608,-0.03271091,-0.07842982,0.04926908,-0.020045936,-0.045086026,-0.036519915,0.017605126,-0.00076541305,-0.017605126,0.00076538324,0.011587262,0.1127218,-0.020430744,0.10642129,0.030169785,0.20838898,0.0022225976,0.1909445,0
-0.03216803,-0.19754654,-0.024868011,-0.21018767,-0.03791386,-0.2068494,-0.0042211413,-0.21456572,-0.036454916,-0.20604676,0.021662414,-0.16249615,-0.03211099,-0.15175653,0.04790175,-0.08846232,-0.03300357,-0.07807326,0.04743874,-0.020765185,-0.04523617,-0.037155986,0.01752752,-0.00090906024,-0.01752758,0.00090909004,0.01289475,0.1119197,-0.02195239,0.10773933,0.03232926,0.20979875,-0.0024724007,0.19509059,0
-0.032621264,-0.19723135,-0.025370777,-0.20978701,-0.03903222,-0.20592552,-0.004220009,-0.21413174,-0.03773707,-0.2043384,0.02113384,-0.16096854,-0.032066464,-0.14897192,0.04764843,-0.08623633,-0.032318175,-0.07671082,0.044015884,-0.021394193,-0.046807587,-0.03995484,0.016972125,-0.001334697,-0.016972184,0.001334697,0.016714513,0.107462466,-0.022416234,0.10709047,0.035815418,0.20932126,-0.0078063607,0.20039755,0
-0.03356272,-0.19916883,-0.02606535,-0.21102735,-0.03953582,-0.2082952,-0.004456997,-0.21583648,-0.03741777,-0.20770922,0.023342073,-0.16332129,-0.031008244,-0.15196681,0.050150454,-0.08827028,-0.029931068,-0.07854998,0.041317463,-0.022020698,-0.04125023,-0.031988382,0.017712295,-0.0007632077,-0.017712235,0.0007632375,0.021209896,0.10906708,-0.023840606,0.105850875,0.039503098,0.2127614,-0.013090014,0.19951028,0
-0.03542894,-0.19875994,-0.028271854,-0.21074733,-0.040676355,-0.20758882,-0.005956948,-0.21585853,-0.036865354,-0.20676994,0.022525609,-0.16406956,-0.029610991,-0.15064111,0.049584508,-0.08839455,-0.028307378,-0.0763737,0.039674044,-0.01871118,-0.038422406,-0.03223604,0.017350137,-0.0013470054,-0.017350197,0.0013470352,0.023386598,0.10852629,-0.025085807,0.10971099,0.04195547,0.21411699,-0.01909864,0.20694369,0
-0.034508944,-0.19525585,-0.027409613,-0.20641789,-0.039533913,-0.20401677,-0.0060372353,-0.21126384,-0.03622794,-0.2036471,0.02253902,-0.16106883,-0.029201448,-0.14759529,0.051307976,-0.08691087,-0.02711457,-0.07449889,0.04155433,-0.014659286,-0.036648452,-0.031909913,0.017859876,-0.0014660358,-0.017859876,0.001466006,0.0335474,0.108640075,-0.022272706,0.111413,0.0453856,0.2155214,-0.02984649,0.21221215,0
-0.03400576,-0.19674984,-0.026279569,-0.20722708,-0.03881651,-0.20591724,-0.0052465796,-0.20959252,-0.036434114,-0.20482689,0.020821333,-0.15812883,-0.029827356,-0.14730689,0.04968369,-0.085359424,-0.026238859,-0.07470825,0.040373087,-0.014568478,-0.032509327,-0.025763333,0.017754912,-0.0012311935,-0.017754853,0.0012311637,0.036101103,0.10767424,-0.02208066,0.11138713,0.048301816,0.21436536,-0.030388057,0.21438617,0
-0.03789693,-0.19796011,-0.030859232,-0.20912948,-0.042501688,-0.20661521,-0.00938499,-0.2124578,-0.03855133,-0.20490286,0.019566596,-0.16065994,-0.031561375,-0.14754203,0.048772216,-0.08750251,-0.031141162,-0.076091915,0.038067937,-0.01748392,-0.036257207,-0.03008625,0.01795113,-0.0019225478,-0.01795113,0.0019225478,0.038057446,0.10528937,-0.021040082,0.11233094,0.051482797,0.21215168,-0.03160745,0.21594653,0
-0.04277265,-0.19536048,-0.03599626,-0.20677316,-0.046313882,-0.20404682,-0.013590276,-0.21115422,-0.03860849,-0.20416433,0.016706228,-0.16100201,-0.02943021,-0.14958763,0.045663357,-0.088169396,-0.026292384,-0.0777567,0.03248757,-0.017941326,-0.034415007,-0.024485588,0.016584814,-0.0016132891,-0.016584873,0.0016133189,0.035790503,0.1077649,-0.022352636,0.11461598,0.05247426,0.21440691,-0.031674862,0.2202577,0
-0.04411292,-0.19392854,-0.037246704,-0.20498428,-0.047683418,-0.20246795,-0.015295148,-0.20809755,-0.04109317,-0.20189673,0.014045954,-0.15711269,-0.03312236,-0.1470541,0.04316783,-0.0848532,-0.0311656,-0.07261342,0.032526612,-0.014751941,-0.03518963,-0.007385254,0.016994178,-0.0016460419,-0.016994119,0.0016460717,0.037011325,0.107776344,-0.020549059,0.11447811,0.056473136,0.21561909,-0.027311385,0.22207558,0
-0.041449904,-0.19563946,-0.034130454,-0.20629397,-0.046140015,-0.20411515,-0.014520168,-0.20630935,-0.044786453,-0.19987196,0.01230818,-0.1547041,-0.041096985,-0.14007565,0.045075297,-0.08735636,-0.041176498,-0.06757176,0.040022433,-0.01591283,-0.03766352,-0.011391759,0.018847406,-0.0032850206,-0.018847466,0.0032850504,0.038980484,0.10123545,-0.01996857,0.11515367,0.060898483,0.2088157,-0.020292282,0.22291452,0
-0.039325595,-0.19328076,-0.03235376,-0.20438194,-0.044416487,-0.2013888,-0.013204157,-0.2069749,-0.043055594,-0.19899756,0.0125722885,-0.15621266,-0.03824407,-0.14243412,0.046196222,-0.0868251,-0.03802073,-0.0713028,0.04333222,-0.014002591,-0.037581086,-0.009496033,0.017860055,-0.0034184456,-0.017860055,0.0034184754,0.03839791,0.10210478,-0.017331839,0.11747688,0.066352725,0.20788598,-0.01472199,0.2237997,0
-0.040659577,-0.18995517,-0.033313155,-0.20175254,-0.04704684,-0.19792324,-0.014060855,-0.20681852,-0.0482243,-0.19697961,0.012181222,-0.15672728,-0.04270035,-0.14173949,0.046999335,-0.085755944,-0.040683895,-0.07234472,0.04439324,-0.010452986,-0.039566666,-0.008604497,0.01904571,-0.00393492,-0.01904571,0.00393489,0.037290692,0.102041125,-0.018785238,0.11994487,0.067617536,0.20291644,-0.012409985,0.22251981,0
-0.044722587,-0.19137004,-0.037619203,-0.20404345,-0.051602602,-0.19908518,-0.017066538,-0.21119311,-0.051151305,-0.19867423,0.010347784,-0.16079038,-0.041137934,-0.14328647,0.04639572,-0.08766064,-0.037259102,-0.073097676,0.044858575,-0.011984646,-0.0409562,-0.010470718,0.017460823,-0.0044679046,-0.017460823,0.0044679046,0.03113538,0.10191515,-0.017950237,0.12318614,0.06086451,0.19810799,-0.009846568,0.22174397,0
-0.047908008,-0.19006884,-0.04148501,-0.20216581,-0.053850234,-0.19692901,-0.020656109,-0.20979461,-0.051712394,-0.1965782,0.010021448,-0.16161913,-0.04347998,-0.1438052,0.045015335,-0.088318795,-0.043533057,-0.07404223,0.041766167,-0.014264286,-0.046074927,-0.019168407,0.01793915,-0.004111588,-0.01793915,0.004111588,0.028113365,0.10632098,-0.017453551,0.122401774,0.057771742,0.20665365,-0.0053480864,0.2209214,0
-0.04602018,-0.19249508,-0.03977275,-0.20493764,-0.05256787,-0.19916195,-0.019684672,-0.21222821,-0.051669,-0.19749072,0.012147427,-0.16351828,-0.044519722,-0.14292616,0.04772353,-0.089776725,-0.044505745,-0.070503175,0.043707907,-0.0139787495,-0.047003567,-0.019566476,0.018697679,-0.004512042,-0.018697679,0.004512012,0.028266966,0.10605109,-0.015148759,0.120526195,0.056830347,0.20945549,0.0004079938,0.21962589,0
-0.048783988,-0.19349512,-0.04264,-0.20734635,-0.05478862,-0.20032582,-0.021374047,-0.2139014,-0.05172175,-0.19739982,0.012637913,-0.163409,-0.043153733,-0.14308274,0.047072947,-0.09104413,-0.046785653,-0.07362971,0.046223044,-0.015328616,-0.048474014,-0.024966478,0.018883705,-0.004365921,-0.018883705,0.004365921,0.024320543,0.1084497,-0.013141155,0.120361865,0.053693593,0.21212596,0.0039280653,0.21747947,0
-0.048455596,-0.19302073,-0.042407036,-0.20685202,-0.054770738,-0.20032758,-0.021594644,-0.21362421,-0.052241176,-0.19807538,0.012493551,-0.16229612,-0.0432671,-0.14448854,0.04703319,-0.08820444,-0.04698962,-0.07400262,0.047284365,-0.014428914,-0.049636364,-0.02489549,0.018624365,-0.003564179,-0.018624365,0.0035641491,0.02320373,0.11037755,-0.009571612,0.11683148,0.04998535,0.21759039,0.008118331,0.21461517,0
-0.049074292,-0.19380149,-0.043767005,-0.20763549,-0.055478603,-0.20100701,-0.02132544,-0.21749353,-0.051115155,-0.20052475,0.015503526,-0.16586989,-0.042490095,-0.14847526,0.049465656,-0.08822021,-0.047356457,-0.07633868,0.047183275,-0.008430988,-0.05465424,-0.028238297,0.017668188,-0.0027098358,-0.017668188,0.0027098358,0.020838916,0.11196983,-0.005415201,0.11257827,0.03889209,0.22606277,0.013760388,0.21549642,0
-0.049152136,-0.19403777,-0.04368505,-0.20771012,-0.055972517,-0.20174015,-0.022154331,-0.21786886,-0.053251565,-0.2022365,0.014217079,-0.16685563,-0.046072096,-0.14997855,0.047213376,-0.08881003,-0.052399784,-0.07596323,0.051760852,-0.013912141,-0.0569703,-0.036205143,0.018307567,-0.002625227,-0.018307537,0.002625227,0.016462147,0.11289981,-0.009667993,0.112059265,0.030234456,0.22618112,0.007336676,0.21260932,0
-0.04811728,-0.19751605,-0.042113096,-0.21090296,-0.055787593,-0.20563716,-0.020488054,-0.21770762,-0.055328548,-0.20384794,0.014137685,-0.16419804,-0.048745394,-0.1511747,0.04726225,-0.08757573,-0.054188043,-0.07857621,0.054517806,-0.0130063,-0.057707787,-0.034374148,0.019084752,-0.0016820431,-0.019084722,0.0016820133,0.013890982,0.11683828,-0.012666464,0.112850964,0.020445108,0.22742319,0.003304422,0.2119543,0
-0.0483256,-0.19593117,-0.042017043,-0.2092081,-0.056482702,-0.20443013,-0.021843433,-0.21607809,-0.058527797,-0.20329136,0.011931598,-0.16403633,-0.05268556,-0.14789891,0.04833758,-0.08799186,-0.05627051,-0.07175565,0.05319196,-0.009111315,-0.062758446,-0.02934143,0.019381821,-0.0024806857,-0.019381762,0.002480656,0.0121305585,0.116822064,-0.0126158595,0.1159758,0.014972329,0.23092717,0.0051653385,0.22010761,0
-0.046497017,-0.19461629,-0.039750516,-0.20741996,-0.054265797,-0.20317784,-0.01928085,-0.21554765,-0.055682838,-0.20396218,0.014357507,-0.16477314,-0.048104525,-0.14882705,0.05241686,-0.08958596,-0.050705373,-0.07438621,0.057186306,-0.009803891,-0.06274906,-0.03257668,0.01835841,-0.0020838976,-0.01835841,0.0020838678,0.008919656,0.1166687,-0.008094847,0.114139736,0.010293007,0.23322475,0.011487603,0.22062606,0
-0.043811947,-0.19897544,-0.037352562,-0.2116993,-0.052365363,-0.20677957,-0.017565787,-0.21842895,-0.05481586,-0.2048786,0.016298413,-0.166011,-0.046242535,-0.14707601,0.053503335,-0.09155223,-0.049359977,-0.07098743,0.05852449,-0.012164861,-0.06068778,-0.035115898,0.018068492,-0.0023675263,-0.018068552,0.0023674965,0.006533563,0.11883694,-0.0025343895,0.11367291,0.004701674,0.24020141,0.017157376,0.21961707,0
-0.04554102,-0.20012382,-0.03846693,-0.2124573,-0.05371824,-0.20862088,-0.017137736,-0.21889277,-0.0552063,-0.20770529,0.016813725,-0.16579139,-0.046426684,-0.14994332,0.05248925,-0.09146094,-0.049996853,-0.07449922,0.05916062,-0.013367832,-0.060697943,-0.03982404,0.017991394,-0.0013685524,-0.017991394,0.0013685524,0.0055671036,0.12312004,-0.00021395087,0.11194691,-0.00093218684,0.24403957,0.020152062,0.21523711,0
-0.041027963,-0.20480847,-0.03363517,-0.21763943,-0.050149858,-0.21391135,-0.012584925,-0.22373332,-0.053410143,-0.21268174,0.020649582,-0.16816315,-0.045452267,-0.15359285,0.05494359,-0.091705024,-0.046820015,-0.07785463,0.06270835,-0.012473851,-0.05794218,-0.04736024,0.018752605,-0.00081172585,-0.018752605,0.00081175566,0.0075341165,0.12578374,0.0026998222,0.10911906,-0.0014231503,0.24911672,0.0248141,0.21201622,0
-0.041685134,-0.20977992,-0.034557045,-0.22259864,-0.050269395,-0.21832731,-0.012879401,-0.22774851,-0.051709592,-0.21556482,0.021434426,-0.17030919,-0.04400164,-0.15575531,0.056342542,-0.09453538,-0.049168557,-0.081209004,0.065375686,-0.016240925,-0.059421957,-0.04602444,0.018298984,-0.0008530915,-0.018298984,0.0008531213,0.0046348274,0.12551177,0.003736198,0.109687746,-0.0021817088,0.24768734,0.027075768,0.21076167,0
-0.03951183,-0.2110253,-0.03198147,-0.22397356,-0.04840383,-0.2201722,-0.0103394985,-0.22940321,-0.050935745,-0.21835697,0.02345717,-0.17179468,-0.044162452,-0.15946281,0.057570875,-0.09480405,-0.047115386,-0.08550823,0.06709516,-0.017324716,-0.05662471,-0.05345282,0.019019663,-7.82609e-05,-0.019019693,7.8231096e-05,0.0036450028,0.1306029,0.0027360022,0.108505905,-0.00017285347,0.2552274,0.03180766,0.20803374,0
-0.038626313,-0.21527639,-0.030922651,-0.22887594,-0.047727913,-0.2247543,-0.009336978,-0.23454143,-0.05045536,-0.22331491,0.023602366,-0.17337835,-0.044906616,-0.16335669,0.057119966,-0.09281707,-0.047668397,-0.08966005,0.064456224,-0.014888704,-0.057742774,-0.0532988,0.018866599,-8.21054e-05,-0.018866628,8.2075596e-05,0.0022706091,0.12568378,0.004277587,0.10835886,-0.002319932,0.24295932,0.036499202,0.20788598,0
-0.038199574,-0.21836567,-0.030493349,-0.23130046,-0.04714188,-0.22802156,-0.009665191,-0.2355506,-0.050677717,-0.22586371,0.024153262,-0.17498067,-0.04585895,-0.1642209,0.056217045,-0.09231019,-0.047968388,-0.08794698,0.06397316,-0.009819984,-0.05524662,-0.05873832,0.019898921,0.00023677945,-0.019898921,-0.00023677945,0.0040681064,0.12924933,0.0006492138,0.104995966,0.0002245903,0.25388545,0.030964702,0.202977,0
-0.036917,-0.21550807,-0.02913177,-0.22938229,-0.045808792,-0.22460568,-0.0073620677,-0.23349163,-0.048240423,-0.22117272,0.025546014,-0.1711433,-0.04273528,-0.16078907,0.057640553,-0.08642879,-0.046761453,-0.084566504,0.061854184,-0.0047961473,-0.05587375,-0.0428634,0.019813448,-0.00019946694,-0.019813478,0.00019949675,0.0023612678,0.1250698,-0.0048472285,0.1106357,0.0054811537,0.24197704,0.026003003,0.21043795,0
-0.036567867,-0.21823591,-0.028758407,-0.23157063,-0.044430703,-0.22742745,-0.0073845685,-0.23652227,-0.0457938,-0.22592999,0.026625335,-0.17552516,-0.0425162,-0.16603848,0.060279608,-0.08904752,-0.046144664,-0.08800757,0.061512947,-0.005987346,-0.053509116,-0.044959337,0.020088375,-1.1920929e-06,-0.020088375,1.1622906e-06,0.0022298694,0.12571692,-0.0058450997,0.11141497,0.0066129863,0.23784053,0.027797759,0.20729256,0
-0.032699913,-0.22074097,-0.024382055,-0.2343017,-0.040608823,-0.23022042,-0.0029966235,-0.23720084,-0.042814255,-0.22725245,0.02835846,-0.17459133,-0.039319158,-0.16658804,0.060829878,-0.085926116,-0.04454416,-0.09070659,0.06316692,-0.0009715557,-0.051254272,-0.0504283,0.02108398,-1.5079975e-05,-0.02108401,1.5050173e-05,0.005022645,0.1199795,-0.020747036,0.11244452,0.012064815,0.23378569,0.00093758106,0.21475583,0
-0.03277555,-0.22526869,-0.024388433,-0.23904352,-0.040516913,-0.23528942,-0.0028036833,-0.24221627,-0.042288363,-0.23293766,0.029511482,-0.17828062,-0.040008366,-0.1700061,0.06094724,-0.08784312,-0.046406865,-0.08939752,0.062205732,-0.0027354956,-0.05042869,-0.0468767,0.021668285,-5.826354e-05,-0.021668255,5.826354e-05,0.00803566,0.122814655,-0.01969707,0.11514354,0.010646284,0.23545921,-0.0016906857,0.21689183,0
-0.0297423,-0.2259053,-0.020967305,-0.23971114,-0.037315458,-0.23658836,0.0006592274,-0.24328113,-0.03960949,-0.2353833,0.033031374,-0.17986968,-0.03990954,-0.17177579,0.063575745,-0.0896036,-0.045871675,-0.088475645,0.06039965,-0.009371787,-0.047674656,-0.047815293,0.023099482,0.00015765429,-0.023099512,-0.00015765429,0.0117174685,0.12512225,-0.022143036,0.11547786,0.015730053,0.23617488,-0.0033698976,0.21459794,0
-0.02904421,-0.22744834,-0.02027303,-0.24130063,-0.03686586,-0.23830454,0.00092589855,-0.24431103,-0.03979966,-0.23682489,0.03381595,-0.17974311,-0.040798664,-0.17256817,0.06228894,-0.08909863,-0.046261936,-0.08776051,0.056685925,-0.010599524,-0.0466969,-0.043980747,0.023694843,0.0006354153,-0.023694873,-0.0006354153,0.0092794895,0.12697709,-0.025631815,0.11389083,0.013347387,0.23674202,-0.0055778027,0.21003139,0
-0.02907458,-0.22640178,-0.019817293,-0.24016777,-0.0366022,-0.23759516,0.0016729236,-0.24361187,-0.039725125,-0.23743638,0.033067524,-0.18047065,-0.041526973,-0.17305845,0.06130922,-0.09248412,-0.0464046,-0.089882165,0.055179358,-0.0145877,-0.04551369,-0.048784584,0.02390042,0.00021788478,-0.02390042,-0.00021785498,0.010658085,0.12776381,-0.026241243,0.11830884,0.01530838,0.23122466,-0.005763054,0.21069151,0
-0.027934313,-0.22856404,-0.018784463,-0.24140678,-0.03609118,-0.23897842,0.002028823,-0.24532327,-0.040657282,-0.23816079,0.03387189,-0.18236682,-0.043593407,-0.17248401,0.0630402,-0.093263656,-0.047632873,-0.08859882,0.055645287,-0.017865509,-0.047105312,-0.048186958,0.023887217,-0.00017940998,-0.023887187,0.00017943978,0.013453305,0.12663084,-0.026407123,0.11836988,0.015906632,0.23964787,-0.008033633,0.22182256,0
-0.025991082,-0.2331438,-0.0167965,-0.24594747,-0.034650147,-0.24329458,0.0026822984,-0.2480235,-0.040985107,-0.2407222,0.033203006,-0.18360418,-0.04466811,-0.17340696,0.06352633,-0.097061336,-0.04942009,-0.092476726,0.055363953,-0.020184726,-0.05032435,-0.045882016,0.024199337,-0.0006187558,-0.024199307,0.0006187558,0.013331592,0.12659213,-0.029014647,0.12247273,0.017591715,0.24081174,-0.011263132,0.2301664,0
-0.027120769,-0.23122998,-0.017858207,-0.24444424,-0.03596875,-0.24190147,0.002384305,-0.24816869,-0.04211977,-0.24108283,0.033499986,-0.184237,-0.045214534,-0.17655036,0.06360561,-0.09736401,-0.051998347,-0.09692368,0.055725634,-0.025979906,-0.050905347,-0.044487,0.02478239,-0.00014573336,-0.02478236,0.00014576316,0.016193122,0.1281935,-0.031055659,0.1240077,0.018479466,0.24230808,-0.019532382,0.23341519,0
-0.02697739,-0.23279558,-0.0169608,-0.24631374,-0.03595391,-0.24406582,0.0035666525,-0.24928296,-0.043196052,-0.24295494,0.03264299,-0.18519694,-0.04698223,-0.17346889,0.06367946,-0.09995523,-0.055042505,-0.08856082,0.056815267,-0.027186483,-0.056405723,-0.034808308,0.025189579,-0.001512289,-0.025189579,0.001512289,0.01865822,0.12506557,-0.033224046,0.1292134,0.018077523,0.23798901,-0.025408179,0.2426483,0
-0.024790794,-0.23582475,-0.015104115,-0.24915382,-0.033988506,-0.2470373,0.00439471,-0.25030336,-0.04210347,-0.244336,0.03398612,-0.18407655,-0.04779336,-0.17314056,0.06639671,-0.098225296,-0.057325035,-0.08672267,0.058844388,-0.027083337,-0.055307984,-0.030887514,0.026062042,-0.0014142096,-0.026062071,0.0014142394,0.02204135,0.12694895,-0.034909368,0.13153297,0.017431438,0.24443865,-0.032960474,0.2506733,0
-0.025106907,-0.24043587,-0.015343279,-0.25350082,-0.03401932,-0.2518343,0.004080504,-0.2536918,-0.041836113,-0.24899346,0.033106536,-0.18556264,-0.048211604,-0.17680922,0.065790355,-0.09874454,-0.059115797,-0.09192851,0.059879065,-0.029856354,-0.05587426,-0.03847027,0.026049584,-0.001269728,-0.026049614,0.0012696981,0.023923159,0.12617618,-0.035547435,0.13255864,0.018143177,0.24217999,-0.03699279,0.2524293,0
-0.022138745,-0.23965602,-0.012819588,-0.2526282,-0.031357884,-0.25087687,0.00511992,-0.25319874,-0.040629983,-0.24825807,0.032515317,-0.18640184,-0.048313737,-0.17639738,0.065321535,-0.10088113,-0.060829192,-0.09019077,0.0624474,-0.028403431,-0.054707855,-0.031844854,0.025825858,-0.0019837916,-0.025825858,0.0019837916,0.024416327,0.12693846,-0.03326109,0.1367867,0.017732978,0.24283016,-0.036401242,0.25644433,0
-0.024784267,-0.2380545,-0.015534997,-0.25101596,-0.03375539,-0.24926509,0.0029069483,-0.2523163,-0.042268872,-0.24731627,0.031565666,-0.18742213,-0.04995808,-0.17640746,0.06567162,-0.10341114,-0.06334567,-0.08873549,0.06564927,-0.02679205,-0.056913137,-0.023428708,0.026057392,-0.002207905,-0.026057422,0.002207905,0.02559343,0.12895617,-0.03287205,0.13826457,0.019347161,0.24530664,-0.035661638,0.25725874,0
-0.024155617,-0.2386979,-0.014996767,-0.25221366,-0.033559233,-0.24980411,0.0032602847,-0.25440317,-0.042558134,-0.24737419,0.032854646,-0.1879637,-0.05243042,-0.1747379,0.06702644,-0.1011118,-0.067484856,-0.08290014,0.065277815,-0.023732573,-0.053487718,-0.017926216,0.027210653,-0.0028779209,-0.027210623,0.002877891,0.028265417,0.124283016,-0.032277644,0.13881314,0.020632684,0.23956853,-0.03645557,0.26004738,0
-0.019554526,-0.24011575,-0.011018336,-0.25371274,-0.029796004,-0.25095665,0.004210353,-0.25585386,-0.042084366,-0.24862015,0.031656116,-0.18984097,-0.05497673,-0.17581663,0.06744012,-0.10313246,-0.07089317,-0.0829708,0.070185095,-0.025675684,-0.054354966,-0.02091679,0.027608663,-0.0037535727,-0.027608663,0.0037535727,0.02851507,0.1236943,-0.03200513,0.14239764,0.020749211,0.2378614,-0.035426438,0.2637725,0
-0.018347591,-0.24029125,-0.009881318,-0.2540942,-0.028921276,-0.25130743,0.005021423,-0.25531262,-0.04187131,-0.24825062,0.031526595,-0.18678021,-0.055423856,-0.17481527,0.067525715,-0.09954625,-0.07339665,-0.085277826,0.07404956,-0.027570307,-0.05651903,-0.03434488,0.027566582,-0.0035945475,-0.027566582,0.0035945475,0.02971834,0.12247354,-0.029881239,0.14090174,0.021060228,0.23764247,-0.033996075,0.26337677,2
-0.018022358,-0.24322452,-0.008910477,-0.25594902,-0.028178602,-0.25417995,0.0063737333,-0.2542761,-0.043331146,-0.25081795,0.030228943,-0.18679613,-0.05898726,-0.17600414,0.06627065,-0.101944655,-0.0776546,-0.08690998,0.07617813,-0.026696265,-0.053333133,-0.03634554,0.0286268,-0.0040588677,-0.0286268,0.0040588677,0.03244242,0.12787476,-0.0301404,0.14713302,0.024733394,0.24291888,-0.03146383,0.26603195,2
-0.017744482,-0.24546377,-0.009136826,-0.25823838,-0.028151363,-0.2563795,0.004797131,-0.25546545,-0.04494247,-0.25245738,0.027545631,-0.18621874,-0.06252909,-0.17653704,0.06549847,-0.099396795,-0.08243945,-0.085273445,0.07883942,-0.026719004,-0.050386667,-0.03430298,0.028899819,-0.0046032667,-0.028899848,0.0046032965,0.033611476,0.1254338,-0.029657274,0.14939094,0.023987591,0.24041688,-0.032793105,0.27047515,2
-0.01577264,-0.24617097,-0.0070121884,-0.25900662,-0.026237577,-0.25730562,0.006720841,-0.25708467,-0.043554336,-0.25478393,0.02753681,-0.18792161,-0.06222853,-0.17964199,0.06467301,-0.10029629,-0.08344746,-0.08688244,0.08139092,-0.030362934,-0.04893431,-0.032346815,0.02863437,-0.004735023,-0.02863437,0.004735023,0.032544464,0.12621346,-0.027447462,0.15244791,0.022440135,0.23826262,-0.029598296,0.2726756,2
-0.014137268,-0.2433447,-0.0062387884,-0.25619078,-0.024525046,-0.25438333,0.005446255,-0.25611,-0.043719947,-0.25389493,0.025143117,-0.1885654,-0.063648134,-0.1801945,0.06315786,-0.0995408,-0.08562642,-0.08722663,0.07866806,-0.026824981,-0.05307457,-0.029124737,0.028077126,-0.005122632,-0.028077155,0.005122602,0.03014046,0.12163448,-0.026251107,0.15186036,0.017677933,0.22926444,-0.029217511,0.27056497,2
-0.010971993,-0.2429184,-0.0034502745,-0.2561077,-0.021912158,-0.25394237,0.006960988,-0.25753468,-0.04138419,-0.25385615,0.026536644,-0.18826365,-0.06316361,-0.18050048,0.06339365,-0.0961712,-0.08629474,-0.08525494,0.08067942,-0.025587648,-0.05117023,-0.029703379,0.02829349,-0.0049458444,-0.02829352,0.004945874,0.030593961,0.11924255,-0.02353698,0.15042496,0.016386986,0.22642893,-0.028909594,0.27193725,2
-0.010003835,-0.24493223,-0.002046436,-0.25828093,-0.021136075,-0.25614548,0.008858889,-0.25999272,-0.04067892,-0.2564527,0.02777636,-0.19070458,-0.06314525,-0.18227482,0.06276932,-0.0993174,-0.08642241,-0.08605167,0.07897797,-0.029876202,-0.04730758,-0.031677604,0.028562754,-0.005250782,-0.028562754,0.005250782,0.029679984,0.11809316,-0.023316503,0.15130904,0.012860984,0.22122851,-0.027900666,0.27004042,2
-0.0070255697,-0.24167886,0.0007607937,-0.25482067,-0.017938465,-0.25315815,0.010728776,-0.2572295,-0.038292736,-0.2547157,0.028124422,-0.18962744,-0.06271592,-0.18042842,0.061984003,-0.0988414,-0.08617136,-0.08258659,0.07745308,-0.024142683,-0.043316305,-0.028868943,0.028264105,-0.0056083202,-0.028264135,0.0056082904,0.029605478,0.11777276,-0.019966602,0.15210634,0.009393036,0.22170705,-0.024108231,0.27103823,2
-0.001856029,-0.24174976,0.0059233606,-0.25461426,-0.012634426,-0.25311166,0.015546799,-0.2567678,-0.0326415,-0.25448933,0.030789912,-0.19011799,-0.058689415,-0.18151209,0.05863467,-0.101344824,-0.08444387,-0.08388826,0.07313353,-0.02697584,-0.039147586,-0.027361572,0.027867228,-0.0053729117,-0.027867228,0.005372882,0.029525936,0.11651838,-0.01857084,0.14816415,0.008871943,0.21863294,-0.02254057,0.26325816,2
0.003919512,-0.23416317,0.012031466,-0.24667889,-0.006890923,-0.24651009,0.020578861,-0.25057396,-0.030029327,-0.25157183,0.031137764,-0.18826288,-0.05902052,-0.18014884,0.056248188,-0.10187709,-0.08196157,-0.07852396,0.06923285,-0.028069168,-0.028234959,-0.01985842,0.028072745,-0.0056829453,-0.028072745,0.0056829453,0.028453171,0.112412274,-0.018311918,0.14722854,0.0012428463,0.21300697,-0.02156791,0.26342493,2
0.008877039,-0.22902238,0.016803682,-0.2428861,-0.002105713,-0.24312964,0.022283316,-0.24952269,-0.026664943,-0.25045007,0.03205037,-0.18779114,-0.05644223,-0.17931151,0.05753374,-0.09648833,-0.077685386,-0.06996843,0.07131177,-0.027230471,-0.020973802,-0.008226275,0.028449863,-0.005251825,-0.028449833,0.005251825,0.027723819,0.112850964,-0.017724425,0.14553905,-0.0034470558,0.2092812,-0.026739746,0.25837886,2
0.01515457,-0.22459155,0.02227357,-0.2383014,0.0039022565,-0.23821563,0.029303133,-0.24763483,-0.020110816,-0.24836946,0.03755039,-0.190507,-0.05185765,-0.18110025,0.05494091,-0.09854859,-0.07788259,-0.06608108,0.06580776,-0.03189999,-0.014201909,-0.011511624,0.027380288,-0.005872309,-0.027380288,0.005872369,0.028235555,0.11178988,-0.012096375,0.14077574,-0.009545773,0.21174955,-0.017361343,0.24710745,2
0.020998716,-0.21418136,0.027525336,-0.22708568,0.011484981,-0.22813836,0.030275345,-0.23827395,-0.011483759,-0.24058977,0.038261145,-0.18396682,-0.045455754,-0.17927048,0.057296753,-0.09083575,-0.070498854,-0.0685772,0.07084125,-0.025268614,-0.013958216,-0.0041507483,0.026671708,-0.003894508,-0.026671737,0.003894508,0.028009892,0.11010826,-0.011146307,0.13434911,-0.0076018274,0.20952988,-0.024098963,0.24676013,2
0.034977704,-0.20772913,0.04221061,-0.22098958,0.02540353,-0.22304669,0.044561476,-0.2335586,0.0009447932,-0.23735115,0.046865016,-0.18034169,-0.035975575,-0.17413533,0.059657693,-0.086009145,-0.057124615,-0.056286097,0.07210368,-0.022483408,0.007108867,0.0033237338,0.026452005,-0.0041779876,-0.026451975,0.0041779876,0.03530076,0.105459094,-0.002463162,0.12840885,-0.006496161,0.20343876,-0.017599583,0.23847753,2
0.0501768,-0.19491121,0.057138324,-0.2079069,0.03994271,-0.20866293,0.06023696,-0.22116983,0.013902307,-0.22303939,0.056876153,-0.17308018,-0.027190387,-0.16334844,0.06255677,-0.08090699,-0.05167824,-0.043034405,0.07420862,-0.0072830915,0.019715667,0.012672603,0.026087314,-0.005812049,-0.026087314,0.0058119893,0.04081112,0.101830065,-0.0010267496,0.13047677,0.0013091862,0.19663155,-0.010192424,0.23356128,2
0.055688232,-0.17558786,0.06221804,-0.18798468,0.045853734,-0.18945712,0.06472844,-0.20501062,0.019593745,-0.20797113,0.060488462,-0.16370961,-0.023380965,-0.15359008,0.06367296,-0.06532222,-0.045342565,-0.023619711,0.07115775,0.011187971,0.024482489,0.03339523,0.026228607,-0.0056943893,-0.026228577,0.0056943297,0.045927286,0.09943479,-1.7285347e-06,0.12797785,0.0009557009,0.1919505,-0.0138498545,0.23100734,2
0.06574291,-0.1661124,0.07221979,-0.17881408,0.05607152,-0.18035322,0.07255435,-0.19484365,0.028466314,-0.19743189,0.06258902,-0.15504748,-0.013926178,-0.14035922,0.06453434,-0.061668128,-0.032514572,-0.007402241,0.07569784,0.017850578,0.04249412,0.04479885,0.023763478,-0.006405711,-0.023763508,0.0064056516,0.042852253,0.08695346,0.004491478,0.117548406,-0.010060638,0.17990404,-0.013151884,0.22040087,2
0.07828468,-0.16174886,0.08423442,-0.17490321,0.06882194,-0.1759719,0.08335364,-0.18850988,0.040340543,-0.19000447,0.069899976,-0.14683071,-0.0035534203,-0.1309874,0.073516786,-0.05266583,-0.019031733,0.0029787421,0.079978466,0.025315046,0.055329055,0.05738765,0.023759097,-0.0068839192,-0.023759067,0.0068839192,0.057252377,0.078617215,0.01116994,0.1132313,0.004883468,0.15139413,-0.013645142,0.19851851,2
0.08922446,-0.14982226,0.09747654,-0.16169411,0.08092624,-0.16580346,0.0983156,-0.17693123,0.0529612,-0.18471625,0.07793981,-0.14679709,0.0063475966,-0.12440461,0.08466339,-0.063315034,-0.0012101233,0.016922832,0.08707726,0.020502925,0.069757044,0.06999302,0.02457434,-0.008959889,-0.02457437,0.008959949,0.09054053,0.06662077,0.026351124,0.11062509,0.025027603,0.11524981,-0.010241926,0.18067485,2
0.10646826,-0.111891925,0.113568485,-0.1263524,0.097335815,-0.12742081,0.11278409,-0.14115077,0.06826359,-0.14099231,0.09133607,-0.10714644,0.02383089,-0.08354026,0.09436947,-0.015669405,0.021627188,0.052960157,0.10340637,0.075598,0.081017226,0.12134004,0.023107499,-0.007502079,-0.02310747,0.0075020194,0.08477712,0.08144945,0.02937913,0.10897964,0.038336396,0.15608376,-0.004682064,0.19281012,2
0.11480436,-0.11403075,0.11920038,-0.12784952,0.10552099,-0.12677771,0.117227584,-0.14750847,0.078174174,-0.1413734,0.09971568,-0.11771172,0.030110419,-0.09444198,0.0974479,-0.021038353,0.023586124,0.044811606,0.10900155,0.073067784,0.08527133,0.11449009,0.024588794,-0.00756979,-0.024588794,0.00756979,0.10483512,0.08314544,0.0317719,0.11333758,0.05939555,0.12804592,-0.013769776,0.17013985,2
0.12924388,-0.08666304,0.13583663,-0.10092035,0.12081316,-0.099989146,0.13555196,-0.1146445,0.0937483,-0.11050624,0.11297956,-0.0800935,0.043949366,-0.06205517,0.11414054,0.019467175,0.047771364,0.07454467,0.12544706,0.112659335,0.108065516,0.1561994,0.024862051,-0.0056994557,-0.024862051,0.0056995153,0.10300282,0.096606314,0.0260953,0.114525616,0.08874717,0.16150475,0.0035542548,0.18584907,2
0.13991386,-0.08473414,0.14617312,-0.10037607,0.13091528,-0.10114747,0.14230287,-0.12037569,0.099728525,-0.11978775,0.1118108,-0.09753549,0.051487267,-0.07700205,0.11799276,0.00718081,0.0616211,0.0740971,0.13764948,0.10545325,0.10837394,0.1450972,0.022747666,-0.0059397817,-0.022747636,0.0059397817,0.11445916,0.098296165,0.038980722,0.111744344,0.08107534,0.16959578,0.0012105107,0.18238461,2
0.14608538,-0.0848071,0.1504575,-0.09876853,0.13840681,-0.09741509,0.14500356,-0.11810571,0.11041105,-0.1116209,0.12097877,-0.092120945,0.060483843,-0.06886649,0.12531227,0.017158031,0.07203597,0.08560926,0.13878024,0.121958435,0.11905444,0.18548864,0.02236113,-0.005718529,-0.02236113,0.005718529,0.097005606,0.103327155,0.029334366,0.122336745,0.073892415,0.12820852,-0.0016506612,0.15376544,2
0.1482327,-0.01087743,0.15147656,-0.02467078,0.14284873,-0.022738576,0.1443417,-0.050596952,0.11660117,-0.043741763,0.11768907,-0.044339716,0.06416565,-0.014602721,0.12437832,0.07240069,0.07504192,0.1515351,0.14406562,0.1964925,0.11048001,0.2643463,0.02058816,-0.0068745017,-0.02058813,0.0068745613,0.10174912,0.10189873,0.027182728,0.10933763,0.09646773,0.19026601,0.010131329,0.19088161,2
0.16691828,-0.0011835098,0.17133725,-0.01471895,0.16389036,-0.014487684,0.16137415,-0.043886602,0.13875473,-0.040997922,0.12842089,-0.04539007,0.07698113,-0.005854428,0.14472443,0.07142651,0.0840489,0.17489576,0.16843045,0.21872014,0.13403046,0.2797718,0.018188387,-0.009949088,-0.018188417,0.0099490285,0.10473406,0.076524615,0.045948118,0.101624966,0.075966924,0.16559267,0.025283098,0.19086218,2
0.1818079,0.02977097,0.18793002,0.013533711,0.17553917,0.0168221,0.18293217,-0.016152084,0.14709619,-0.0068750978,0.14559105,-0.017731488,0.08280766,0.02149582,0.1414561,0.10165399,0.06813291,0.19739765,0.1537663,0.22265738,0.124351114,0.27176964,0.021121532,-0.010188282,-0.021121532,0.010188282,0.087085456,0.087585926,0.034016013,0.12455213,0.04636386,0.13950515,0.0055285394,0.18333507,2
0.1969608,0.037840366,0.20242888,0.023758888,0.19676799,0.025777996,0.19413936,-0.013901293,0.1766572,-0.007831693,0.15426505,-0.033767104,0.09806833,0.014543653,0.1491068,0.07223272,0.06835687,0.19147968,0.16563767,0.19282806,0.13503748,0.24429601,0.018291712,-0.012512982,-0.018291682,0.0125130415,0.087613136,0.069058895,0.039738894,0.116601646,0.038045287,0.12193638,0.010173887,0.18079013,2
0.18881726,0.018755019,0.19439155,0.006369829,0.19183898,0.0058885813,0.18053722,-0.038152695,0.17600179,-0.03850323,0.13827252,-0.06748438,0.088769704,-0.022020698,0.13008177,0.0459978,0.05106598,0.16692692,0.15902257,0.14474249,0.13991177,0.17454535,0.015208751,-0.01317507,-0.015208781,0.01317513,0.09002149,0.050962925,0.051392257,0.09534478,0.042616338,0.08281869,0.044214368,0.13346803,2
0.18881726,0.018755019,0.19439155,0.006369829,0.19183898,0.0058885813,0.18053722,-0.038152695,0.17600179,-0.03850323,0.13827252,-0.06748438,0.088769704,-0.022020698,0.13008177,0.0459978,0.05106598,0.16692692,0.15902257,0.14474249,0.13991177,0.17454535,0.015208751,-0.01317507,-0.015208781,0.01317513,0.09002149,0.050962925,0.051392257,0.09534478,0.042616338,0.08281869,0.044214368,0.13346803,2
0.20427269,0.08208084,0.20922238,0.06492388,0.20142412,0.071392536,0.20907354,0.015347123,0.18489224,0.033860862,0.17059994,-0.01622492,0.104688585,0.03421712,0.1284709,0.0836736,0.038927615,0.20601892,0.15110934,0.16011995,0.13256437,0.20288801,0.021314085,-0.012460053,-0.021314085,0.012460053,0.07464984,0.111037254,0.023584545,0.15784961,0.017525136,0.10324699,-0.026830405,0.15097797,1
0.19211796,0.08306968,0.19464889,0.07365394,0.19923642,0.07348263,0.17131165,0.030887008,0.1926587,0.034867406,0.12314609,-0.000277102,0.1264489,0.022442102,0.09777835,0.111931205,0.07356307,0.176027,0.14663038,0.16205925,0.13131407,0.1890139,-0.001857847,-0.0040614605,0.001857847,0.0040614605,0.0347943,0.10963714,0.034726948,0.12699318,0.0013152659,0.10382509,0.010302693,0.12767297,1
0.24586153,0.09303409,0.25401294,0.08835381,0.25610477,0.08080149,0.23565823,0.045924306,0.24971396,0.03166145,0.16946036,0.006724596,0.1752106,0.010675907,0.14995152,0.101083994,0.1459977,0.14242357,0.19066769,0.14108145,0.19206768,0.12788421,-0.0014826059,0.00089758635,0.0014825761,-0.00089764595,0.072356075,0.11167973,0.067272455,0.12009579,0.027369827,0.07078642,0.043440104,0.10036296,1
0.2749914,0.019303799,0.29425216,0.04214388,0.30470777,0.007357061,0.27291346,0.092687726,0.3129155,0.017976463,0.15464735,0.0796656,0.22631496,0.03211367,0.05327931,-0.028074801,0.13213229,-0.035256088,0.06709835,-0.06535691,0.18410838,-0.057300627,-0.019905984,0.01359117,0.019906014,-0.01359123,0.07972136,-0.05814159,0.06715524,-0.08519584,-0.019060373,-0.033607185,-0.00021582842,-0.026960313,1
0.1886251,0.01956433,0.18932128,0.029842496,0.2015751,0.017435193,0.14476162,0.05557865,0.19787103,0.032624424,0.046353996,0.048867047,0.17769653,0.0370692,-0.022974968,-0.029230297,0.14517266,-0.021346986,-0.0076672733,-0.09969872,0.14491892,-0.0119921565,-0.041521072,0.0044248104,0.041521072,-0.0044248104,-0.031667203,-0.054270625,0.04144892,-0.053323627,-0.05928898,-0.0853973,-0.0012213886,-0.07027596,1
0.004424095,-0.07142115,-0.01645583,-0.0728178,0.0017014146,-0.06425595,-0.076743126,-0.045865,0.005339563,-0.01717627,-0.11843595,-0.009228647,0.068407536,0.010776877,-0.12522396,-0.030168355,0.100728154,0.0019100904,-0.07662216,-0.13426304,0.09466201,0.009762824,-0.065209776,-0.0055115223,0.06520975,0.0055114627,-0.0914031,-0.109696925,0.077420115,-0.08815783,-0.10996112,-0.082524836,0.0409528,-0.06938529,1
0.18619606,0.006747544,0.1839517,0.019417942,0.194253,0.006403506,0.14991692,0.05609399,0.191488,0.03145802,0.06511614,0.055337608,0.1776717,0.030492902,0.042812645,-0.06630045,0.120512575,-0.088220775,0.038850933,-0.10840857,0.04432988,-0.10503751,-0.039450616,0.0069591403,0.039450616,-0.0069591403,0.004694909,-0.092015445,0.10296729,-0.08944118,-0.08610329,-0.08206046,0.023750156,-0.06325132,1
0.21390623,0.066336036,0.22464675,0.08707249,0.2336834,0.05928743,0.20253724,0.115225255,0.22868043,0.050721943,0.117298365,0.08909917,0.16453964,0.025752306,0.11414179,-0.0089690685,0.11291194,-0.072080314,0.16351134,-0.040465176,0.1714608,-0.03724128,-0.014699429,0.013416529,0.014699459,-0.013416529,0.01470077,-0.07077205,0.039079368,-0.07732099,-0.0565373,-0.14766073,-0.0061080456,-0.11908084,1
0.24111444,0.07679582,0.25181025,0.097843885,0.26142818,0.0698179,0.22204709,0.12837249,0.2526642,0.06504071,0.1273906,0.09472704,0.17582089,0.040792584,0.11644238,-0.028027654,0.10722005,-0.069006085,0.17664647,-0.050264478,0.17705882,-0.04726559,-0.015088826,0.0110090375,0.015088826,-0.011008978,0.036287487,-0.08047336,0.05197552,-0.08428353,-0.039856315,-0.14286596,0.0028116107,-0.115457356,1
0.21836868,0.0817166,0.2253969,0.09741461,0.2430388,0.07360798,0.19756952,0.12263632,0.25006297,0.07013428,0.10247341,0.10501361,0.18415037,0.061018825,0.06798205,0.017778158,0.0930154,-0.01573205,0.109440774,-0.07805145,0.103829056,-0.07780427,-0.029802948,0.0093560815,0.029802948,-0.0093560815,0.020155758,-0.06450528,0.086146444,-0.07118416,-0.024520904,-0.112163424,0.063067764,-0.090488255,1
0.17689157,0.04306948,0.17662477,0.058126867,0.1885305,0.039426923,0.14359307,0.09622276,0.18454438,0.05449158,0.062363476,0.09433621,0.16125607,0.055433333,0.069804996,0.004753411,0.1383959,-0.030165255,0.065900266,-0.08229613,0.053240716,-0.083411634,-0.034350812,0.010571182,0.034350783,-0.010571182,-0.012830019,-0.055574358,0.063216865,-0.0742479,-0.03693837,-0.134211,0.04532361,-0.1377896,1
0.20244876,0.027337909,0.2101064,0.055498004,0.22334442,0.025791168,0.16822806,0.11660844,0.21974328,0.055224657,0.05912611,0.11660844,0.17402193,0.06282604,0.01533547,0.026534736,0.09389326,-0.025078833,0.056166857,-0.12577963,0.072122455,-0.12069821,-0.039066672,0.01154536,0.039066672,-0.01154536,-0.006826192,-0.10918361,0.06892043,-0.120404184,-0.058777362,-0.21159434,0.04393345,-0.19240808,1
0.2103939,0.07014668,0.2224577,0.093591094,0.23306513,0.061412513,0.19168174,0.1382736,0.23354709,0.071367204,0.08233109,0.12742335,0.18587416,0.06856322,0.047148526,0.022110224,0.11954284,-0.031986296,0.086039364,-0.100348055,0.091520935,-0.11598331,-0.0352138,0.01360482,0.03521377,-0.01360476,0.023594767,-0.106018245,0.080825865,-0.12851161,-0.042985708,-0.19471198,0.0533455,-0.1840285,1
0.21584818,0.085261226,0.22954592,0.108834684,0.24164739,0.07494497,0.20558414,0.14263469,0.2452068,0.07583821,0.09904978,0.12697929,0.18386498,0.06494403,0.05479133,0.034845352,0.09776166,-0.024445891,0.08977434,-0.10021931,0.0859493,-0.13717788,-0.028899074,0.013815224,0.028899074,-0.013815224,0.028764129,-0.11550665,0.07818276,-0.13540053,-0.0506607,-0.21244764,0.047335654,-0.19755495,1
0.19731203,0.088250756,0.20512989,0.1036914,0.21298704,0.08106995,0.17917368,0.129287,0.20443413,0.086435616,0.082032144,0.120654166,0.15365335,0.06954974,0.04244089,0.0030316114,0.09216848,-0.06292826,0.07427296,-0.145908,0.0760839,-0.17288768,-0.023160636,0.0108136535,0.023160636,-0.0108136535,-0.016905636,-0.07522756,0.035984904,-0.09232187,-0.026129514,-0.23297644,0.035417974,-0.23302418,1
0.213115,0.06859404,0.21729991,0.08804393,0.22334632,0.06525689,0.1732718,0.11526251,0.2028006,0.092487454,0.059470147,0.11526251,0.16915384,0.08413559,0.03487301,-0.0021033287,0.10570338,-0.05470091,0.07527217,-0.15725273,0.08209619,-0.15068656,-0.03757739,0.008384585,0.03757739,-0.008384645,-0.0069109797,-0.13266599,0.08552724,-0.1286655,-0.039286405,-0.2616012,0.05499181,-0.23068517,1
0.20231816,0.065508485,0.19915971,0.0752576,0.2079033,0.06148529,0.14676872,0.10119629,0.18526837,0.084807694,0.030361563,0.10119629,0.17078683,0.07892686,-0.0014559627,-0.02076161,0.09892008,-0.05015117,0.041080564,-0.21202087,0.06215468,-0.17846769,-0.0474526,0.0033043027,0.0474526,-0.0033043027,-0.02824226,-0.112868845,0.09125468,-0.09263241,-0.054553807,-0.2724514,0.03556606,-0.2350629,1
0.18814558,0.048789263,0.18163866,0.05408126,0.19008762,0.04580587,0.12641436,0.08441812,0.16506201,0.074566185,0.009994149,0.08849299,0.16111857,0.07279611,-0.029928267,-0.037071407,0.09435469,-0.056272447,0.022473454,-0.23903674,0.059095085,-0.18797857,-0.04968229,0.0003502369,0.04968232,-0.0003501773,-0.03625503,-0.10363531,0.08398652,-0.076994,-0.04287395,-0.2751944,0.024963856,-0.23757643,1
0.17333734,0.07925773,0.17462724,0.090101,0.19016016,0.0727635,0.13550109,0.11767286,0.18970722,0.082253575,0.030538559,0.11204523,0.1684305,0.06714696,-0.036358863,0.010173798,0.0872882,-0.07629979,-0.008169979,-0.13460577,0.040411472,-0.1989826,-0.045067668,0.009112954,0.045067668,-0.009112954,-0.04368329,-0.097317696,0.03599912,-0.09846562,-0.062392026,-0.24005401,-0.0024144053,-0.22013056,1
0.044754475,0.022249103,0.040371954,0.020731866,0.051573098,0.019728243,0.008550942,0.039046586,0.04683405,0.042223692,-0.047333866,0.048494637,0.05488518,0.035404146,-0.083139956,-0.052702785,0.022930264,-0.10109329,0.005761206,-0.21345901,0.03526008,-0.2423963,-0.0316346,-0.0011826158,0.0316346,0.0011826158,-0.002322644,-0.12744296,0.061042905,-0.11708796,0.035613984,-0.22608143,0.058855474,-0.21662247,1
-0.0453223,-0.08919978,-0.055443883,-0.094465315,-0.04813409,-0.08587736,-0.07153338,-0.079725206,-0.046472907,-0.0552845,-0.067866445,-0.04338163,-0.011135489,-0.03892255,-0.007608533,-0.09919691,0.047969162,-0.10772526,0.07937026,-0.21947557,0.089841485,-0.20059758,-0.018312156,-0.0055797696,0.018312186,0.0055797696,0.050076544,-0.13375497,0.097898245,-0.12467271,0.11102998,-0.14922917,0.12892407,-0.15151829,1
-0.053702325,-0.06320441,-0.07502091,-0.066738844,-0.048580974,-0.05738741,-0.12042916,-0.041250944,-0.023287624,-0.01276499,-0.13520804,0.007692516,0.052759707,0.0046263337,-0.10932815,-0.05754739,0.07643515,-0.09362602,-0.021548688,-0.18990386,0.056197375,-0.17550755,-0.06444314,0.00022381544,0.06444317,-0.00022381544,-0.07017118,-0.11858755,0.06505823,-0.12011546,-0.043512672,-0.15524924,0.037831455,-0.17040372,1
0.18469816,0.032407522,0.17339844,0.051932633,0.20311701,0.040727973,0.10865587,0.08618677,0.20776415,0.08152747,-0.004752606,0.08618677,0.19184,0.06420052,-0.081918955,-0.044561327,0.09156197,-0.09182423,-0.010115057,-0.19236636,0.042204708,-0.18569243,-0.06443468,0.00559777,0.06443465,-0.00559777,-0.060058087,-0.13719594,0.07871127,-0.14468986,-0.08378774,-0.17840421,0.014304191,-0.18133575,1
0.15183541,0.055502772,0.1467422,0.07682878,0.16696998,0.063076675,0.10165849,0.10764432,0.16995618,0.099163175,0.003131181,0.10764432,0.1577793,0.07553917,-0.05763322,-0.030890644,0.08873364,-0.078565955,-0.0020222664,-0.16105586,0.040521562,-0.14228916,-0.050662845,0.007255256,0.050662845,-0.0072551966,-0.052234024,-0.10881853,0.05863589,-0.11697686,-0.068195194,-0.17629313,0.025133938,-0.16999596,1
0.007861674,-0.0757826,-0.0067614317,-0.07701337,0.008060336,-0.07248765,-0.045263767,-0.05163151,0.013005316,-0.032251954,-0.08124712,-0.009904206,0.0600698,-0.023315728,-0.07794389,-0.07389319,0.05640641,-0.11999035,0.008357972,-0.1764406,0.056578517,-0.13511068,-0.0499084,-9.3758106e-05,0.0499084,9.36985e-05,-0.02439034,-0.10467219,0.11088264,-0.098452926,-0.030044317,-0.111806035,0.075588346,-0.10741544,1
0.039021105,-0.11314547,0.030585468,-0.1202333,0.043798625,-0.11399877,-0.018367052,-0.11107069,0.03470701,-0.09097928,-0.06935391,-0.091493845,0.047219276,-0.058511794,-0.08449951,-0.120772064,0.088154644,-0.061716378,0.004716009,-0.13208437,0.12871054,-0.010100067,-0.03789583,-0.010332227,0.03789583,0.010332167,-0.023475647,-0.12924439,0.04635048,-0.10888517,0.0651308,-0.0108450055,0.10758814,0.006520748,1
0.19676411,0.013975382,0.18851906,0.0042404532,0.20055163,0.007156372,0.13051593,-0.010319054,0.17713535,0.007778883,0.032592356,-0.033097506,0.15364575,0.01581353,-0.014509976,-0.09350985,0.16779065,0.009234011,0.05054444,-0.10672808,0.17484939,0.009900391,-0.03770548,-0.012799978,0.03770548,0.012800038,0.082244545,-0.07506144,0.1417048,-0.04822254,0.10210347,-0.02132088,0.11763483,0.0101796985,1
0.05659005,-0.06681216,0.045387417,-0.07325035,0.060930014,-0.07286966,-0.00096571445,-0.06827462,0.055063874,-0.057379663,-0.050887674,-0.0520463,0.06508863,-0.022423208,-0.037026405,-0.08779037,0.1206128,-0.02599144,0.039637804,-0.10402745,0.14736003,-0.019480526,-0.038606346,-0.011059701,0.038606316,0.011059701,0.10676545,-0.04605204,0.1669169,-0.031628013,0.13533354,0.05521238,0.15454447,0.072256625,1
-0.011834502,-0.11979586,-0.021417528,-0.12882763,-0.006392151,-0.12867004,-0.05805409,-0.123704135,-0.005468011,-0.11592364,-0.08356774,-0.07828218,0.008351743,-0.060113132,-0.05554372,-0.079823196,0.09787005,-0.035980165,0.026880592,-0.10372174,0.16484249,0.008424699,-0.030399323,-0.010095954,0.030399352,0.010095954,0.10240078,-0.044121087,0.14140159,-0.03751421,0.1675958,0.056110382,0.1766336,0.06968081,1
-0.013917774,-0.1071651,-0.023884088,-0.115979016,-0.00809449,-0.11459315,-0.058620393,-0.111263156,-0.006090015,-0.102066755,-0.07713288,-0.06710398,-0.001234442,-0.05866939,-0.048247516,-0.062051535,0.04226321,-0.058197558,0.02764979,-0.09222925,0.06285787,-0.0657984,-0.026957244,-0.008096218,0.026957214,0.008096278,0.10409546,-0.022143781,0.14205492,-0.018725991,0.17521352,0.065972805,0.1854245,0.07408202,1
-0.009349227,-0.118973315,-0.022852033,-0.12763995,-0.0055509806,-0.12649089,-0.06653449,-0.11916089,-0.002230525,-0.10871029,-0.09152225,-0.0688225,0.02438876,-0.050590396,-0.0533334,-0.06711346,0.11412969,-0.02658993,0.015977979,-0.099959016,0.14499381,-0.010983229,-0.040437102,-0.008485556,0.040437102,0.008485556,0.07553843,-0.024391592,0.15211919,-0.02215904,0.11750206,0.05801773,0.17259422,0.060450852,1
0.14950606,0.0033673048,0.13448533,0.00087833405,0.15585497,7.8201294e-05,0.07373491,-0.004462123,0.1439468,0.006215811,-0.009173721,-0.015722752,0.12669894,0.009286463,-0.039462328,-0.067010164,0.09849116,-0.023965478,0.01808232,-0.09541112,0.060431957,-0.058502376,-0.046258837,-0.008640826,0.046258837,0.008640826,0.08800569,0.0043549538,0.18629095,0.009572983,0.09781298,0.059405267,0.14772817,0.05372089,1
-0.026153266,-0.11264998,-0.04112017,-0.11859691,-0.025038093,-0.118131876,-0.08952254,-0.10955155,-0.027501047,-0.10003728,-0.1133979,-0.07258344,0.006675869,-0.05491638,-0.07038969,-0.08638829,0.058060348,-0.064261675,-0.0072601736,-0.11389482,0.021373272,-0.10055107,-0.042691827,-0.007722497,0.042691827,0.007722497,0.054130793,-0.015797019,0.1356048,-0.011342645,0.07503688,0.034535706,0.1394071,0.03333366,1
-0.039410204,-0.14826608,-0.055176735,-0.1561696,-0.035965383,-0.1547646,-0.10552645,-0.13914603,-0.03254032,-0.13057327,-0.12901062,-0.08158523,0.01706466,-0.050587535,-0.069919735,-0.092567146,0.14177954,-0.013278425,-0.013823181,-0.12515515,0.15171617,0.0049987435,-0.04937324,-0.0102341175,0.04937327,0.010234058,0.024395138,-0.061926365,0.108551204,-0.051178157,0.078829765,0.015667439,0.13582909,0.027183056,1
-0.0351198,-0.14417988,-0.04753381,-0.15226406,-0.033637583,-0.14883435,-0.09262422,-0.13510537,-0.03660214,-0.12209815,-0.11601654,-0.084880054,0.0037671328,-0.05039978,-0.07050058,-0.101436734,0.12610999,-0.025101185,-0.007654816,-0.12194759,0.15126643,0.0043851137,-0.03860256,-0.011658192,0.03860256,0.011658251,0.03744623,-0.08330363,0.08982602,-0.068006754,0.1111792,0.0068672895,0.13390276,0.023702323,1
-0.043594122,-0.13123679,-0.056010693,-0.14034355,-0.042230695,-0.13750648,-0.09479293,-0.12605637,-0.040517896,-0.11353499,-0.112490535,-0.07312703,-0.0033209622,-0.04222101,-0.07222888,-0.08870399,0.114048064,-0.019223392,-0.008795202,-0.11799258,0.15351343,0.009614646,-0.035450637,-0.011224031,0.035450608,0.011224091,0.04743138,-0.063376546,0.091673315,-0.049685597,0.10646409,0.02232498,0.11746216,0.03695941,1
-0.010732532,0.011720361,-0.0077994764,0.0013462119,-0.01614198,0.0033267234,0.002944827,0.0009261668,-0.025204033,0.0049405545,0.017576665,0.0061193444,-0.024063826,0.0054130815,0.024299353,0.010816194,0.00091791153,0.007923907,0.032978415,0.009329233,0.016982108,0.01819117,0.0123773515,0.0010785721,-0.0123773515,-0.0010785721,0.001654923,-0.00049527735,-0.014645368,-0.00630886,-0.00034219027,0.04430614,-0.003192097,0.042648505,1
0.0136624575,0.017485758,0.014189839,0.010787763,0.009580761,0.012222875,0.01483947,0.014232108,-0.0049927235,0.017611166,0.018719822,0.009560855,-0.009319067,0.007938482,0.028724164,-0.0027149878,0.011291146,-0.0025582165,0.055674702,-0.005711499,0.045117855,0.0029964643,0.008571804,0.00075140037,-0.008571774,-0.00075139944,-0.003098756,0.003964357,-0.011993676,0.0012094146,-0.004922867,0.08725397,-0.0060378313,0.08546549,1
0.026057065,0.012952405,0.026620895,0.0068089617,0.021740645,0.008514226,0.027198821,0.010573416,0.0064710677,0.0142396195,0.03080079,0.004569671,-0.0031401217,0.004927219,0.044231236,-0.009256105,0.016076922,-0.003163034,0.067272246,-0.012571631,0.053819776,0.0016913852,0.01043579,0.00019401498,-0.01043579,-0.00019401498,0.0046628416,0.0069905585,-0.0088630915,0.008330661,-0.0018633306,0.09190129,-0.003253013,0.09762228,1
0.032629043,0.009149269,0.03365469,0.00319169,0.028593212,0.0045908494,0.033980757,0.006781432,0.01301983,0.009597464,0.03432989,-0.00016682502,0.001256913,0.0014889156,0.04646024,-0.011291677,0.021678865,-0.003930323,0.06771794,-0.013791486,0.062666684,-0.009089287,0.010523438,-0.0005951086,-0.010523438,0.0005951086,0.013140768,0.0047688754,-0.003242731,0.011919861,0.0028318763,0.09380841,-0.0006018877,0.1101565,1
0.038633466,0.011353482,0.03889978,0.0052435845,0.034775853,0.0069236886,0.037142217,0.007203495,0.019153088,0.011020912,0.034321845,-0.0011962643,0.007156998,0.0026400927,0.043803006,-0.0102677625,0.025868207,-0.00033107772,0.06626338,-0.010991472,0.064778775,-0.009426877,0.008561671,-0.0012641745,-0.008561671,0.0012641754,0.015651405,0.0096580945,0.00263533,0.020061154,0.0019629002,0.09423492,-0.001013577,0.11519974,1
0.04665491,0.03003067,0.04743105,0.023006953,0.042623967,0.023234982,0.03575465,0.017451728,0.024761707,0.017404074,0.026495755,0.008497963,0.0036402047,0.01414326,0.0394347,-0.004984008,-0.011704087,0.00038428605,0.0584172,-0.004984008,-0.010040164,-0.004984008,0.008200347,-0.0021232336,-0.008200347,0.0021232339,0.0037598014,0.030299066,-0.00459069,0.035494037,-0.005875081,0.11658636,-0.007697195,0.12748542,1
0.031843245,0.024635218,0.034505576,0.018450119,0.026888967,0.017980803,0.03422144,0.013949128,0.008897662,0.0103666,0.035199225,0.0034878505,-0.020361096,0.004854126,0.054273307,-0.009679489,-0.03953159,-0.00041242503,0.070184916,-0.009679489,-0.023573667,-0.00024290755,0.018695474,-0.0015804749,-0.018695503,0.0015804758,0.008454591,0.05077556,-0.012784064,0.055766456,0.0030079484,0.11901378,-0.0032468736,0.12787107,1
0.02520731,-0.00093685836,0.02740109,-0.007686142,0.01970929,-0.0072418097,0.026667088,-0.008955775,0.001337558,-0.009150003,0.028093934,-0.012352848,-0.02433312,-0.00088215806,0.04813236,-0.02163236,-0.033100218,0.026757702,0.058359563,-0.022913698,-0.008486837,0.06799033,0.017871171,-0.0035404246,-0.017871141,0.0035404228,0.018782735,0.03952231,-0.0065570176,0.04715066,0.009123504,0.09810795,0.0034833252,0.11039758,1
0.04932919,0.007309798,0.04828006,0.00049198885,0.04450485,0.0053770393,0.049464345,0.0027097706,0.029984444,0.015353175,0.051094532,0.002633362,0.0041481256,0.013250694,0.04289347,0.03432914,-0.009500861,0.052232347,0.036040664,0.07226534,0.008979589,0.08809436,0.015362024,-0.0032481626,-0.015362024,0.0032481635,0.04021454,0.042077728,0.018933773,0.051225804,0.02517885,0.10889961,0.019746214,0.120870955,1
0.009291381,0.02540408,0.018087298,0.022868667,0.011370063,0.019998908,0.034284353,0.030466761,0.004432887,0.01621971,0.029149115,0.024304941,-0.032934934,-0.011183893,0.007698953,0.05187118,-0.04803446,-0.009275675,0.043408096,0.11048564,0.03262958,0.08362238,0.021553367,0.0034425426,-0.021553367,-0.0034425417,0.0031516254,0.02204702,-0.038511693,0.0119352415,0.050831854,0.075995184,0.039735526,0.06972457,1
0.107665986,0.2406191,0.10976258,0.24284267,0.116773665,0.23189908,0.09650993,0.19959518,0.11551148,0.17872512,0.052285045,0.118710466,0.08890399,0.09949692,0.026037604,0.11081522,0.044225365,0.094917916,0.023419946,0.08981068,0.032407045,0.066209845,-0.010351121,0.004390016,0.010351121,-0.004390016,0.06213671,0.08733999,0.04889655,0.084984325,0.038723677,0.0650144,0.0045443177,0.08210348,1
0.14026076,0.25153124,0.14397922,0.25267076,0.1523239,0.24234237,0.12802702,0.19788371,0.14984977,0.18060936,0.08036983,0.1055312,0.09825736,0.11999078,0.06601429,0.14233959,0.061929822,0.22334732,0.09980917,0.1562142,0.12011242,0.22389717,-0.0049188137,-0.0036494657,0.004918784,0.0036494657,0.07943693,0.09324622,0.04686117,0.10919744,0.057101637,0.06863049,0.018896341,0.10017404,1
0.13226062,0.29703397,0.13295722,0.29362482,0.14124304,0.2923709,0.12539405,0.24728009,0.14262444,0.24918434,0.08408356,0.16538477,0.11242327,0.18400249,0.07147795,0.20358899,0.08263588,0.24362019,0.10119057,0.235816,0.10934335,0.17818388,-0.009202123,-0.002821222,0.009202093,0.002821222,0.05174941,0.10329922,0.043287903,0.116435,0.03190431,0.07982909,0.004342377,0.095892064,1
0.14647949,0.2804477,0.14899582,0.28249004,0.15880024,0.2733864,0.13470697,0.23634353,0.1591692,0.22161582,0.08488554,0.14869952,0.12598693,0.16158831,0.06949851,0.14594153,0.10684627,0.20760632,0.09385669,0.22393021,0.14482534,0.24851519,-0.013741195,-0.0002861768,0.013741195,0.0002861619,0.04181701,0.0765692,0.042335242,0.079257965,0.0009301007,0.061961234,-0.0024803877,0.0715159,1
0.14170748,0.21685135,0.14433092,0.227371,0.16119605,0.20582509,0.12830955,0.20666477,0.17672396,0.15876469,0.07518059,0.17259952,0.14822376,0.058281228,0.0839532,0.21335071,0.0841234,-0.052627288,0.15233952,0.2760535,0.08684331,-0.07931413,-0.026572198,0.024644613,0.026572227,-0.024644598,0.042571336,0.040751755,0.09876129,-0.008395359,0.0037846267,0.0036517084,0.049982727,-0.026038364,1
0.16092938,0.22332546,0.16281223,0.22819135,0.17275953,0.21446386,0.149903,0.20069456,0.1777848,0.17047429,0.09689367,0.16225925,0.15040731,0.0711731,0.09597203,0.20098332,0.09763172,-0.04215029,0.14235646,0.27640125,0.104714125,-0.0906096,-0.018326342,0.018878013,0.018326312,-0.018878028,0.052480042,0.058626533,0.086542726,0.031310067,0.003675878,0.045195848,0.020077288,0.036213055,1
0.16494417,0.24031714,0.17373383,0.25206044,0.18230283,0.22632542,0.16364068,0.22549185,0.183689,0.16336644,0.0925512,0.17253461,0.13995093,0.065255225,0.093548745,0.21205589,0.112972796,-0.035832494,0.13777941,0.27197823,0.12642354,-0.058797315,-0.018009514,0.019862175,0.018009484,-0.01986216,0.056120187,0.057935745,0.09909594,0.02611664,0.0068641007,0.035982907,0.07851511,0.03602928,1
0.17516983,0.2811706,0.18860829,0.29671568,0.19214088,0.26084495,0.18111151,0.28274995,0.18824041,0.19824816,0.10687855,0.2313679,0.14260721,0.080051735,0.0932647,0.23564424,0.073213786,-0.08688632,0.13444716,0.31522894,0.04561037,-0.113494925,-0.015044868,0.031881735,0.015044898,-0.031881735,0.061938584,0.068301275,0.08830297,0.011486903,-0.019460231,-0.0014363676,0.02835986,-0.013381824,1
0.15958107,0.25544414,0.16996616,0.26793346,0.17437112,0.23894778,0.1583342,0.25716838,0.16943753,0.18967691,0.094684035,0.20110577,0.13085663,0.09592116,0.071863115,0.17824858,0.06896791,-0.042505756,0.08221668,0.27644345,0.025759518,-0.094630316,-0.013717324,0.025041759,0.013717353,-0.025041744,0.039838463,0.043911695,0.045223713,-0.00349164,-0.034673452,-0.03179273,-0.014500588,-0.046975553,1
0.15528977,0.23883164,0.16804248,0.25169396,0.16948068,0.22239435,0.16031903,0.24302447,0.16280496,0.17527688,0.09478825,0.19579002,0.11844486,0.090460956,0.048172474,0.18098313,0.05734366,-0.057615086,0.054282725,0.20264027,0.025836766,-0.16002333,-0.009833634,0.022231132,0.009833664,-0.022231162,0.04952821,-0.026001424,0.056800693,-0.065308854,-0.029941529,-0.14297187,0.013197839,-0.14302346,1
0.047753483,0.07950115,0.053197533,0.07914814,0.049501956,0.07074863,0.053633183,0.088166475,0.046542466,0.066639006,0.028266072,0.061147004,0.039377213,0.040765107,-0.010882705,-0.14914615,0.0047730207,-0.16978514,-0.059520334,-0.26884073,-0.059473723,-0.27854842,-0.003929496,0.0075284243,0.003929496,-0.0075284243,-0.0027595758,-0.0665912,-0.004703164,-0.096574694,-0.0027089417,-0.11634153,-0.0026187897,-0.14305313,1
0.16763318,0.21266538,0.18249208,0.22005355,0.1726098,0.2037434,0.1744833,0.23458254,0.15018266,0.19341815,0.10168773,0.18231231,0.10511589,0.13555074,0.034861535,0.08708948,0.04713884,-0.029400289,-0.0002874136,0.00718233,0.010572821,-0.20645757,-0.00036600232,0.011144221,0.00036597252,-0.011144191,-0.0058245957,-0.08898848,-0.006032735,-0.10125908,-0.025338173,-0.2362066,0.0029028952,-0.22488287,1
0.16576779,0.23134959,0.17930895,0.23303276,0.16702092,0.22574353,0.18068248,0.2382549,0.14460295,0.22152281,0.116827786,0.15411034,0.09394455,0.19486582,0.041051835,-0.012508184,0.063313544,0.14131904,-0.025999099,-0.17255671,0.06724349,-0.0055613816,0.009761959,-0.0042708814,-0.009761989,0.0042708814,0.010066032,-0.07534236,-0.014095068,-0.072132766,-0.02586478,-0.20871112,-0.014447451,-0.19801365,1
0.15574679,0.23423427,0.1685982,0.24582446,0.16351387,0.23137683,0.16804025,0.26714307,0.1504133,0.23259133,0.10340908,0.205244,0.10478279,0.1908415,0.04089603,0.09377533,0.058835775,0.10339323,0.012958914,0.0558033,0.0617418,0.039490283,-7.119775e-05,0.005366951,7.119775e-05,-0.005366951,-0.005900681,-0.11010918,-0.018517703,-0.1128501,-0.040825337,-0.25328818,-0.020478576,-0.23704627,1
0.13325441,0.19343472,0.13350135,0.20148373,0.14070731,0.19719154,0.11214286,0.22492403,0.12806678,0.2174868,0.0463641,0.16021472,0.093960404,0.21446383,-0.009123325,-0.018052995,0.079547584,0.17398137,-0.01599431,-0.16052543,0.0885002,0.07431111,-0.014418989,-0.008818239,0.01441896,0.008818239,-0.022375494,-0.1416305,-0.0022400618,-0.12590611,-0.041274935,-0.2520789,-0.01159206,-0.23382896,1
0.1630925,0.17644292,0.17522526,0.18728203,0.17305595,0.17188078,0.16710478,0.20468324,0.16046637,0.16915709,0.09028548,0.13299745,0.11024642,0.14638656,0.034587502,-0.037151217,0.06502056,0.07661772,0.01356262,-0.20143671,0.06903088,-0.068847805,-0.004949093,-0.0006749928,0.0049491227,0.0006749928,0.0053168237,-0.110762775,0.0039008558,-0.105447054,-0.03381571,-0.2440351,0.0051336586,-0.22298913,1
0.17470485,0.19697669,0.18730289,0.21570411,0.19502681,0.1885294,0.17257208,0.2424638,0.19370061,0.17999789,0.08167526,0.1934332,0.14162946,0.13676879,0.049878,0.096187264,0.078365445,0.0071776807,0.101162374,-0.026699096,0.069006175,-0.14319229,-0.019592136,0.010430396,0.019592106,-0.010430396,0.018128276,-0.09572244,0.036797732,-0.103238374,-0.014352828,-0.20903221,0.024111241,-0.18167797,1
0.1491471,0.17549345,0.16169268,0.18101707,0.15635324,0.1649743,0.14986116,0.19452259,0.13631326,0.15796092,0.077676415,0.15352437,0.09268314,0.13918844,0.04703009,0.09319839,0.039232492,0.09353134,0.091337204,-0.015604705,0.04105997,-0.069337875,-0.0052338243,0.0029372275,0.0052337945,-0.0029372275,-0.00894624,-0.04383731,-0.0064594746,-0.035764366,-0.03479895,-0.25264215,-0.010174751,-0.2271341,1
0.15216202,0.16898334,0.15863335,0.16525882,0.14765882,0.16296083,0.14712459,0.17087251,0.11728448,0.16751236,0.079769254,0.12259072,0.08680409,0.14271653,0.028999597,0.0072748065,0.038563192,0.05850452,0.011063904,-0.17801502,0.026324838,-0.18208313,-0.0013566613,-0.0043265224,0.0013566315,0.0043264627,-0.0065430403,-0.0749408,0.0054653585,-0.051539868,-0.033982754,-0.26560992,-0.0060295165,-0.24137312,1
0.124679446,0.12511384,0.13489854,0.13402331,0.13250345,0.11948156,0.12758005,0.15300614,0.12112838,0.12110102,0.060521543,0.115475595,0.08991647,0.10415584,0.009168953,0.017791867,0.037876904,0.043207347,0.018979967,-0.13261148,0.046729,-0.09486607,-0.007779777,0.003181398,0.007779777,-0.003181398,-0.013520956,-0.06903872,-0.007529646,-0.066809565,-0.047989607,-0.24354279,-0.020191014,-0.22916275,1
0.13882637,0.12688881,0.15356553,0.1274494,0.14500386,0.1146968,0.15145785,0.14514261,0.13196021,0.117506385,0.07540208,0.12827271,0.08848864,0.1094861,-0.0070637763,0.0603745,-0.00675866,0.04225725,0.03292498,-0.113601774,-0.0017047524,-0.15400591,-0.0040869713,0.0024480224,0.0040869713,-0.002448082,-0.00023600459,-0.05706513,-0.0038871765,-0.049907863,-0.028275013,-0.22421628,-0.010854125,-0.1997141,1
0.16174147,0.21880421,0.1649032,0.22440091,0.17249045,0.20946732,0.1357753,0.22344276,0.16095653,0.19191799,0.05913973,0.19014773,0.13388434,0.14950773,0.060539633,0.1650171,0.11701605,0.10956225,0.14539936,0.09845939,0.1408383,0.09462115,-0.02644825,0.006709695,0.02644825,-0.006709695,0.026794672,-0.07466242,0.06972197,-0.07210407,0.031365484,-0.1672552,0.051434547,-0.13629693,1
0.16947386,0.2552302,0.17693529,0.25782567,0.18195328,0.24580014,0.15649346,0.24995065,0.16939464,0.22245485,0.085317045,0.20273393,0.11919305,0.18728626,0.08046451,0.18018776,0.09859881,0.17316294,0.15826526,0.11608106,0.14992943,0.097883165,-0.012884885,0.0012446642,0.012884885,-0.001244694,0.019717664,-0.058883667,0.027503878,-0.044167697,0.0391708,-0.23431103,0.04186359,-0.19370785,1
0.1389687,0.22568637,0.1508649,0.23827821,0.15777189,0.21773249,0.1419872,0.24364495,0.15887749,0.19751173,0.07170835,0.18858522,0.116126895,0.15689856,0.045386553,0.11722821,0.084151,0.100176215,0.12582469,0.09098089,0.12938112,0.08216983,-0.015155435,0.006691456,0.015155464,-0.0066915154,0.019766927,-0.09413648,0.018890738,-0.101671666,0.0020081103,-0.20226827,0.01625812,-0.1812881,1
0.13405007,0.20226735,0.14271808,0.215886,0.15262896,0.19790667,0.13708055,0.22346008,0.16027427,0.18260449,0.075291514,0.17802823,0.1258837,0.13975912,0.051665545,0.1134038,0.093494594,0.0787158,0.114947975,0.08581364,0.11883706,0.08753866,-0.017166853,0.008950055,0.017166853,-0.008950114,0.010485232,-0.10867649,0.022068381,-0.120621115,-0.008354694,-0.19840467,0.009308815,-0.18381587,1
0.12224054,0.22257721,0.12802416,0.23386371,0.13681597,0.2178719,0.114284694,0.23616183,0.14174491,0.19943863,0.051484585,0.20259923,0.12745214,0.13944036,0.027143925,0.1865629,0.114118576,0.069776595,0.09256834,0.12687361,0.12210679,0.044518173,-0.025345832,0.0135983825,0.025345862,-0.013598323,-0.009076297,-0.08260089,0.020285755,-0.10036108,0.0066816807,-0.21904877,0.015419006,-0.20718348,1
0.14422977,0.20022887,0.15245259,0.20452148,0.15547049,0.19679356,0.14351332,0.20764965,0.14814186,0.18960291,0.08018178,0.1547575,0.09860468,0.18006426,0.06341499,0.12044704,0.09074992,0.19918317,0.12406176,0.09114635,0.1241945,0.10226005,-0.006711662,-0.006781876,0.006711632,0.006781876,0.026078284,-0.1137093,0.023860037,-0.09251335,0.033438057,-0.20904586,0.045389086,-0.17450458,1
0.14113683,0.19700563,0.14929622,0.20373714,0.15424633,0.18959063,0.13355798,0.20771217,0.14806652,0.17584664,0.06786597,0.17626351,0.10985339,0.15856242,0.052272618,0.16635138,0.09756452,0.15853643,0.11109102,0.12541598,0.12530035,0.101100326,-0.015085816,0.0030264854,0.015085816,-0.0030264854,0.025307864,-0.0909203,0.032004267,-0.088087976,0.023014277,-0.19669816,0.03702131,-0.16917998,1
0.12672299,0.19771379,0.13249457,0.20154291,0.13605988,0.19415796,0.11904234,0.20553756,0.12756443,0.18879706,0.059847236,0.16951632,0.09140456,0.17659539,0.036976308,0.15922242,0.08055627,0.20025921,0.08221036,0.07312888,0.097649455,0.117200196,-0.012137115,-0.0025174618,0.012137145,0.0025174022,-0.002964735,-0.09685305,0.010390967,-0.08342928,0.018838286,-0.22950041,0.03485757,-0.19823104,1
0.07487562,0.24799746,0.076061726,0.24851662,0.084368825,0.24668586,0.066509664,0.23541647,0.08528966,0.23135144,0.02651319,0.17136872,0.06618357,0.20559913,0.014894962,0.11073303,0.075701326,0.22920173,0.048167884,0.015305996,0.08424264,0.18050599,-0.015337229,-0.006755948,0.015337259,0.0067558885,-0.011818379,-0.06321359,0.0063129365,-0.052168995,0.029030412,-0.18591195,0.043149978,-0.16753107,1
0.06267774,0.21662611,0.061371714,0.21707267,0.07017633,0.22265959,0.04837057,0.21120209,0.06918979,0.2259289,0.0087834895,0.12923521,0.05358821,0.21665412,-0.011528254,-0.020009637,0.070222765,0.23956925,0.013295233,-0.18065679,0.1001479,0.13433796,-0.015306741,-0.017290235,0.015306711,0.017290175,-0.014003068,-0.12564495,0.008120656,-0.092448294,0.013723016,-0.24596575,0.04375258,-0.21437639,1
0.11712226,0.21640438,0.12258831,0.2219944,0.12989661,0.21455401,0.1086528,0.22055751,0.12731376,0.2037782,0.053435773,0.16895384,0.09129277,0.18728608,0.038740337,0.16117394,0.073899925,0.22433752,0.097503036,0.111091554,0.091349214,0.14817417,-0.014264703,-0.0047439337,0.014264703,0.0047439337,0.005706966,-0.116846114,0.01422441,-0.09660491,0.0061984956,-0.25401223,0.029859096,-0.21672472,1
-0.10125506,0.13499057,-0.105691254,0.12917513,-0.10081503,0.14233154,-0.09465414,0.12248677,-0.08830911,0.15336609,-0.06812382,0.069749415,-0.05159834,0.16507882,-0.037606,-0.052890718,0.033408403,0.22334087,-0.03085956,-0.2130158,0.064359784,0.14574629,-0.00533098,-0.016875803,0.00533095,0.016875803,-0.042591035,-0.0918102,-0.033193022,-0.07596138,0.004265398,-0.21122983,0.0324834,-0.21519127,1
0.12010276,0.24267375,0.12449068,0.24518931,0.13062239,0.2432298,0.11396903,0.24232143,0.12651664,0.23789096,0.060127318,0.17507625,0.08775225,0.2222836,0.04844758,0.12580568,0.07805243,0.252083,0.0987519,0.0870837,0.10046953,0.15911168,-0.010849118,-0.010878265,0.010849148,0.010878205,0.016281754,-0.09956586,0.019871205,-0.07146275,0.031437546,-0.23255903,0.049913317,-0.19840163,1
0.12414941,0.20453095,0.126578,0.20700264,0.1332514,0.20493293,0.10932621,0.20202482,0.12494746,0.19855767,0.05920261,0.13593459,0.08068594,0.18887317,0.04462704,0.10239655,0.06611413,0.24431527,0.0899193,0.046806514,0.08701381,0.12775975,-0.008175582,-0.01136601,0.008175582,0.01136601,0.020246059,-0.10864273,0.013660848,-0.083512604,0.011638671,-0.21440667,0.026801765,-0.18842795,1
-0.12448892,0.0923174,-0.13701266,0.08591974,-0.12911186,0.10408437,-0.14001101,0.078983545,-0.117470354,0.122947514,-0.09791675,0.03833574,-0.06686887,0.14134365,-0.05105886,-0.006552875,0.019285768,0.2375443,-0.05065149,-0.13775149,0.02818954,0.14656895,-0.010580629,-0.019204617,0.010580629,0.019204617,-0.05443135,-0.118751585,-0.033046544,-0.09919986,-0.027966648,-0.1910094,0.0016172528,-0.20609877,1
0.12922943,0.2504866,0.13412106,0.25229836,0.1378107,0.24384332,0.11308992,0.23004812,0.1261015,0.21156257,0.0471853,0.14506286,0.0931623,0.16241008,0.013840467,0.0954029,0.07566804,0.13937283,0.03890589,0.054417014,0.07084262,-0.0020164847,-0.015728682,-0.0042280555,0.015728682,0.004227996,0.030159503,-0.057720423,0.038950562,-0.048621953,0.021661252,-0.16377097,0.044761717,-0.15186349,1
-0.019626856,0.19571835,-0.022982419,0.20181042,-0.019633919,0.20230001,-0.03245914,0.20906562,-0.02282554,0.2115317,-0.043195546,0.15554339,0.003030479,0.14768523,-0.04186818,0.00080764294,0.00012373924,-0.01720649,-0.02183649,-0.12497911,-0.013477951,-0.12467146,-0.016337365,0.0018904209,0.016337335,-0.0018903613,-0.02866155,-0.11015993,0.009468317,-0.11648953,0.0044615567,-0.16614586,0.021017909,-0.18152139,1
0.13107717,0.25576556,0.13687629,0.2611851,0.14177996,0.25158757,0.11821848,0.25692242,0.13237107,0.23508352,0.0535675,0.1922028,0.09617615,0.19123346,0.028680444,0.14066476,0.066408336,0.15361011,0.10083443,0.12600964,0.06891382,0.08903569,-0.015782326,-0.00042670965,0.015782297,0.00042670965,0.013590515,-0.08748701,0.020434737,-0.084311634,0.026823461,-0.21868464,0.03450641,-0.20591804,1
0.023214608,0.13194293,0.023487747,0.13048756,0.019193828,0.13132703,0.011022449,0.15282667,0.0043192506,0.15704185,-0.021844357,0.14414805,0.021864861,0.15118748,-0.016153991,0.08032453,0.03628838,0.078312874,0.042311072,-0.008521855,0.024852216,-0.05164802,-0.016260505,-0.0036397576,0.016260505,0.0036398172,-0.016005635,-0.10437876,0.015591741,-0.085565686,0.0026838183,-0.20915115,0.02131918,-0.1845339,1
0.123627484,0.16674793,0.12907988,0.17030245,0.12812084,0.16163427,0.105373085,0.18457896,0.106566966,0.16721219,0.037439197,0.14380455,0.070120275,0.15708148,0.0058842897,0.07046938,0.031008512,0.11875278,0.080271095,-0.01840949,0.059260458,-0.02656591,-0.012164801,-0.005372107,0.012164831,0.0053720474,0.013527989,-0.10575116,0.026160806,-0.08481982,0.008513927,-0.23772886,0.028103292,-0.20822525,1
0.07275972,0.14519513,0.072148085,0.14627904,0.07595381,0.1439045,0.048152328,0.1529057,0.061584353,0.15030491,0.0035915673,0.11632228,0.047767192,0.14771682,-0.001322031,0.0568012,0.04284385,0.13580644,0.06464136,-0.041588306,0.055389524,-0.003655076,-0.01608026,-0.00791502,0.01608023,0.00791502,-0.0047866106,-0.08809209,0.016546488,-0.066836864,-0.00025975704,-0.22230783,0.021666795,-0.20112523,1
0.042283833,0.044295073,0.04075259,0.0346303,0.039922744,0.040896058,0.021600068,0.03882265,0.025669694,0.05876714,-0.018540889,0.043647707,0.023771942,0.08740169,-0.047941834,0.0056015253,-0.009238839,0.08837259,0.005587876,-0.17282483,0.01248461,-0.12902525,-0.014688939,-0.012138784,0.014688939,0.012138844,-0.01573795,-0.08625236,0.014772624,-0.046068013,-0.0073771775,-0.22978917,0.014683753,-0.19439492,1
0.08899915,0.13847876,0.09233254,0.13772672,0.09283364,0.13471615,0.07759386,0.1402365,0.08226031,0.13626194,0.026069611,0.10889155,0.060929954,0.121503055,-0.0070391297,0.043422937,0.02444455,0.07020849,0.044246018,-0.13661179,0.047397017,-0.16415575,-0.011636615,-0.005241394,0.011636615,0.0052414536,0.015679777,-0.064022034,0.029748708,-0.04074067,0.02236563,-0.22746867,0.035026133,-0.19777718,1
0.023691058,0.05542785,0.02391857,0.04859978,0.02327317,0.052071154,0.015907705,0.05036038,0.017941952,0.062277615,-0.015120417,0.04989636,0.020568073,0.06610215,-0.0561018,0.002049327,-0.017074347,0.022120833,-0.00920105,-0.25202745,-0.0062077045,-0.25750533,-0.0120615065,-0.0056477785,0.012061477,0.005647838,-0.03686133,-0.077691376,-0.007430434,-0.05548066,-0.015507191,-0.23484221,0.004328966,-0.21708128,1
-0.03771326,0.047360778,-0.03634587,0.037330925,-0.034361035,0.039007723,-0.031380415,0.040742517,-0.022993863,0.047643185,-0.054310203,0.06473267,0.010142684,0.0673753,-0.09640384,0.010302901,-0.014719874,0.018190265,-0.038626164,-0.18880913,-0.022452474,-0.15869224,-0.02225715,-0.0011574626,0.02225712,0.0011574626,-0.06623241,-0.06447029,-0.020320714,-0.05302018,-0.038207263,-0.22194004,-0.025234938,-0.20716286,1
0.020024896,0.10232872,0.019355804,0.10090381,0.02491054,0.100147665,0.0141020715,0.11279416,0.031679243,0.11368042,-0.018749982,0.11450064,0.04528463,0.106876016,-0.056392103,0.017798662,0.00537017,-0.0030283928,-0.023545712,-0.23419029,-0.023122847,-0.24317798,-0.022092372,0.0010794401,0.022092372,-0.0010794997,-0.05140221,-0.06318739,-0.007539332,-0.05296576,-0.025256306,-0.24104372,-0.010319978,-0.2227911,1
0.05156216,0.1262244,0.05049914,0.12788981,0.05886832,0.12702012,0.03961435,0.13792759,0.06587446,0.13908798,-0.002044201,0.13111675,0.06890899,0.118465364,-0.051783383,0.061304152,0.02080822,0.032027543,-0.0064061284,-0.16540435,0.01011768,-0.15306163,-0.024044037,0.0019907951,0.024044037,-0.0019907951,-0.0412921,-0.06410962,0.00089746714,-0.057168335,-0.0043898523,-0.23009911,0.0021110475,-0.21366045,1
0.0017057359,0.11492407,-0.000105291605,0.11537856,0.0049339235,0.11679143,-0.0022821128,0.12142205,0.009494007,0.12749577,-0.020605713,0.1000334,0.020804524,0.100129366,-0.052945763,0.019816458,-0.011334628,0.011946917,-0.019476414,-0.20857918,-0.020616889,-0.21849912,-0.013617814,-0.000528574,0.013617784,0.000528574,-0.045990825,-0.027812123,-0.014587522,-0.019634128,-0.024549216,-0.21516812,-0.0077462196,-0.20884028,1
-0.03941843,0.13950765,-0.03966829,0.13832349,-0.0379951,0.13939339,-0.03245935,0.13763607,-0.031363636,0.142003,-0.03539473,0.10908234,-0.0070567727,0.10560304,-0.0522345,0.037962735,-0.012646675,0.026068747,-0.02125141,-0.19390061,-0.02561307,-0.20188242,-0.009431124,0.000652194,0.009431124,-0.0006522238,-0.044589907,-0.013778657,-0.020791024,-0.01158452,-0.021006554,-0.20564833,-0.007885188,-0.20255738,1
-0.060397148,0.11547613,-0.059711665,0.11237854,-0.056537837,0.11412227,-0.049504936,0.113891244,-0.042563558,0.11879128,-0.05212426,0.09685117,-0.00841549,0.10036284,-0.06473741,0.051043153,0.0025089383,0.06196356,-0.019367963,-0.16039431,-0.010180175,-0.14117536,-0.014618725,-0.0006477237,0.014618754,0.0006477237,-0.050625294,-0.013525128,-0.01948136,-0.0075344443,-0.019212365,-0.19294417,-0.0003273487,-0.18156588,1
-0.07154119,0.090606034,-0.072051406,0.08321339,-0.071787715,0.08773142,-0.06237948,0.07945877,-0.06020552,0.0920313,-0.059710115,0.07096881,-0.014472604,0.08666211,-0.054690152,0.027728021,0.009059578,0.075600624,-0.016224593,-0.17669782,-0.000615716,-0.11630347,-0.014596254,-0.0026481748,0.014596254,0.0026481748,-0.041679025,-0.010106564,-0.005169183,-0.0017710924,-0.023095459,-0.19480976,0.006251842,-0.18445134,1
0.01679191,0.16024202,0.013793647,0.15852004,0.021690518,0.16204107,0.010609716,0.14952826,0.02936405,0.16075313,-0.008320898,0.103399575,0.03485164,0.1469751,-0.03114453,0.051329434,0.064409494,0.19978416,0.0034374595,-0.14579475,0.09705785,0.10640985,-0.0141581,-0.008117706,0.0141581,0.008117735,-0.021574557,-0.02921325,0.0017608106,-0.019821525,0.0009343028,-0.18083546,0.01584652,-0.17180687,1
-0.03138542,0.142537,-0.035552174,0.13720524,-0.030272782,0.14418352,-0.032056093,0.1270613,-0.020215034,0.1455068,-0.033253163,0.09274155,0.0047601163,0.13473171,-0.038839877,0.05695808,0.04302162,0.18442166,-0.015377581,-0.14492661,0.05476612,0.04628998,-0.012629658,-0.0075234473,0.012629658,0.0075234473,-0.028456837,-0.029788107,-0.005438298,-0.020049483,-0.0054984093,-0.16639906,0.005779594,-0.15993947,1
-0.09267631,0.12529975,-0.09319121,0.11793023,-0.09484637,0.12195146,-0.0809311,0.111273766,-0.086847425,0.120830536,-0.06841108,0.092461586,-0.039223194,0.10444611,-0.058701426,0.054221094,0.0026254952,0.098508894,-0.040931612,-0.12295452,-0.003967583,-0.030416936,-0.009574711,-0.0014704168,0.0095746815,0.001470387,-0.051653773,-0.012511641,-0.033004582,-0.011708766,-0.021046788,-0.13388744,-0.016184539,-0.13207749,1
-0.037782222,0.12809163,-0.0402188,0.12458122,-0.04125005,0.13025206,-0.034528702,0.12258154,-0.03546679,0.13876861,-0.038410157,0.09443343,0.0031921268,0.11046547,-0.038937032,0.02000773,0.0105186105,0.057321906,-0.0150769055,-0.16066042,0.0046612024,-0.112424165,-0.013776273,-0.0028820038,0.013776243,0.0028820336,-0.033088863,-0.030071199,0.0012325048,-0.020834237,-0.024181724,-0.17577684,-0.008057058,-0.17261541,1
-0.056607842,0.10495216,-0.05947894,0.09861022,-0.054831088,0.105958104,-0.050718307,0.0902614,-0.040783167,0.10882491,-0.048445642,0.06207013,-0.0072142184,0.10624248,-0.05123338,0.019683838,0.027733147,0.13926649,-0.026443064,-0.14854822,0.035936058,-0.005612731,-0.0131827,-0.008238226,0.0131827,0.008238256,-0.042806804,-0.033934534,-0.016413063,-0.01839143,-0.025674105,-0.17642638,-0.0029466748,-0.16620839,1
-0.03970337,0.11457765,-0.045508534,0.10888487,-0.037430257,0.11521542,-0.047873378,0.10360706,-0.022538722,0.12105745,-0.05624783,0.084812224,0.017263025,0.123924136,-0.062290967,0.029895782,0.0588333,0.15628552,-0.027036399,-0.1477932,0.06217295,0.08586025,-0.024163544,-0.006601274,0.024163514,0.006601274,-0.054035038,-0.041534543,-0.015908211,-0.03484437,-0.024564087,-0.17828012,-0.013526082,-0.17689702,1
-0.06642902,-0.24115098,-0.060472965,-0.2567211,-0.069639206,-0.25014082,-0.029753864,-0.2752962,-0.051454306,-0.25994623,0.011926532,-0.22366466,-0.027418733,-0.20561764,0.043786645,-0.13025185,-0.006435454,-0.11206263,0.021136582,-0.014374167,-0.014579892,-0.036086828,0.012779832,-0.0006528199,-0.0127798915,0.0006528199,-0.004131794,0.15008199,-0.02910626,0.13914472,0.03769189,0.31276798,0.0061033964,0.27626497,0
-0.08147031,-0.23893543,-0.076180816,-0.2545851,-0.08313215,-0.24897955,-0.047627747,-0.27173328,-0.06236422,-0.26019704,-0.0012892485,-0.22041327,-0.034824908,-0.203837,0.029457688,-0.1254153,-0.010743618,-0.09969205,-0.004270911,-0.014072359,-0.017997265,-0.010465205,0.012891412,-0.0005610585,-0.012891352,0.0005610287,0.003950238,0.15300345,-0.03576356,0.1491099,0.03357917,0.32034647,-0.028811336,0.30341977,0
-0.15580449,-0.10207394,-0.15790957,-0.114905745,-0.1626803,-0.10807669,-0.14394385,-0.15364388,-0.14959192,-0.1385344,-0.08502984,-0.14763546,-0.09842911,-0.13569972,-0.033390194,-0.06310952,-0.064392805,-0.055101633,-0.0804134,0.010634363,-0.08519083,0.032835543,0.0017399192,0.00027483702,-0.0017399192,-0.00027489662,-0.10735834,0.111414015,-0.079327494,0.10637063,-0.071318686,0.267254,-0.022491038,0.23985237,0
-0.13897803,-0.10043728,-0.1415109,-0.11402345,-0.14329058,-0.102822125,-0.13028374,-0.15471125,-0.13132384,-0.13143724,-0.063575745,-0.15757024,-0.09514898,-0.14439094,-0.019444883,-0.0740127,-0.07376361,-0.090528965,-0.08455381,-0.044305444,-0.10536528,-0.049962103,0.009740055,0.0012516975,-0.009740025,-0.0012516975,-0.12020546,-0.006542146,-0.13479173,-0.011090159,-0.038501263,0.11664826,-0.049574047,0.0932014,0
-0.12270564,-0.08649373,-0.12395814,-0.09886485,-0.12641013,-0.09032971,-0.11338669,-0.14001215,-0.11996812,-0.122561276,-0.048303813,-0.14255154,-0.0934816,-0.13650936,-0.0011615455,-0.060968757,-0.0757364,-0.09013665,-0.07581833,-0.059503853,-0.09908426,-0.0638451,0.014172822,0.002598405,-0.014172852,-0.002598405,-0.10467273,-0.016312063,-0.13091916,-0.021119952,-0.030121744,0.10042089,-0.050075352,0.08343464,0
-0.11616802,-0.09363574,-0.11763385,-0.10719514,-0.12004331,-0.096261084,-0.10719332,-0.14676052,-0.11371246,-0.12411046,-0.043162614,-0.14692432,-0.092389375,-0.13602448,-0.008180469,-0.07171154,-0.0846585,-0.1001184,-0.080973,-0.06753659,-0.10243073,-0.0873785,0.015145451,0.0011495948,-0.015145451,-0.0011495948,-0.108831674,-0.028865397,-0.12952414,-0.0313648,-0.027734369,0.086779535,-0.04077187,0.06816435,0
-0.11860758,-0.08253825,-0.121497095,-0.09601772,-0.122909844,-0.085574746,-0.11418182,-0.13839686,-0.119122565,-0.116060555,-0.050207317,-0.1454454,-0.09640288,-0.1258552,-0.010456324,-0.072496235,-0.07987127,-0.06658137,-0.07773638,-0.065378666,-0.096619844,-0.034964144,0.014832109,-0.00038707256,-0.014832109,0.00038701296,-0.10580894,-0.026983738,-0.1365416,-0.027506173,-0.028538883,0.09024584,-0.05924931,0.07199961,0
